$2021-07-13 21:14:53, 7477295, 7030553, 2.2686453, 150.2074, 51.44579, 23.58206, 116.5, 7.05, nan, nan
$2021-07-13 21:14:57, 7475976, 7029297, 2.2781959, -62.8816, 52.87098, 23.56870, 100.0, 7.05, nan, nan
$2021-07-13 21:14:59, 7475540, 7028848, 2.3064570, 82.4266, 53.06630, 23.60876, 100.0, 7.05, nan, nan
$2021-07-13 21:15:01, 7475083, 7028235, 2.3239894, 51.1295, 53.07088, 23.63813, 100.4, 7.05, nan, nan
$2021-07-13 21:15:03, 7474725, 7027781, 2.3369269, 38.0161, 53.08461, 23.65148, 100.0, 7.05, nan, nan
$2021-07-13 21:15:05, 7474359, 7027269, 2.3473530, 30.4562, 53.13039, 23.63813, 100.7, 7.05, nan, nan
$2021-07-13 21:15:07, 7474170, 7027236, 2.3553472, 23.3266, 53.21279, 23.65148, 100.7, 7.05, nan, nan
$2021-07-13 21:15:09, 7473891, 7026887, 2.3609886, 16.4724, 53.20058, 23.65148, 100.7, 7.05, nan, nan
$2021-07-13 21:15:11, 7473435, 7026154, 2.3658166, 13.9774, 53.03884, 23.66750, 101.0, 7.05, nan, nan
$2021-07-13 21:15:13, 7473087, 7025891, 2.3707571, 14.2365, 53.13497, 23.66750, 101.0, 7.05, nan, nan
$2021-07-13 21:15:15, 7472703, 7025371, 2.3754029, 13.5674, 53.22194, 23.70756, 101.0, 7.05, nan, nan
$2021-07-13 21:15:17, 7472245, 7024979, 2.3789635, 10.3746, 53.25551, 23.70756, 101.0, 7.05, nan, nan
$2021-07-13 21:15:19, 7471874, 7024617, 2.3816991, 7.9725, 53.44625, 23.72358, 101.0, 7.05, nan, nan
$2021-07-13 21:15:21, 7471319, 7023939, 2.3842196, 7.2918, 53.55611, 23.75028, 101.0, 7.05, nan, nan
$2021-07-13 21:15:23, 7470845, 7023606, 2.3865371, 6.7529, 53.69802, 23.75028, 101.0, 7.05, nan, nan
$2021-07-13 21:15:25, 7470520, 7023361, 2.3882661, 4.7943, 53.85367, 23.76364, 101.0, 7.05, nan, nan
$2021-07-13 21:15:27, 7469989, 7022640, 2.3896790, 4.0846, 53.78500, 23.79301, 101.4, 7.05, nan, nan
$2021-07-13 21:15:29, 7469538, 7022311, 2.3914084, 4.9905, 53.82315, 23.80636, 101.0, 7.05, nan, nan
$2021-07-13 21:15:31, 7469046, 7021844, 2.3932166, 5.2699, 53.79111, 23.83573, 100.7, 7.05, nan, nan
$2021-07-13 21:15:33, 7468487, 7021270, 2.3945279, 3.8124, 53.68886, 23.84908, 100.7, 7.05, nan, nan
$2021-07-13 21:15:35, 7467843, 7020559, 2.3959517, 4.1351, 53.58510, 23.86244, 100.7, 7.05, nan, nan
$2021-07-13 21:15:38, 7467229, 7020040, 2.3976812, 4.9848, 53.56222, 23.87579, 101.0, 7.04, nan, nan
$2021-07-13 21:15:40, 7466641, 7019506, 2.3989806, 3.7886, 53.49813, 23.90517, 101.0, 7.04, nan, nan
$2021-07-13 21:15:42, 7466009, 7018882, 2.3998284, 2.4651, 53.44778, 23.89182, 101.0, 7.04, nan, nan
$2021-07-13 21:15:44, 7465338, 7018248, 2.4006872, 2.4758, 53.39590, 23.92119, 101.0, 7.04, nan, nan
$2021-07-13 21:15:46, 7464598, 7017570, 2.4016137, 2.6798, 53.29061, 23.93454, 101.0, 7.04, nan, nan
$2021-07-13 21:15:48, 7463840, 7016908, 2.4023147, 2.0430, 53.28145, 23.95056, 100.7, 7.04, nan, nan
$2021-07-13 21:15:50, 7463078, 7016216, 2.4046202, 6.7169, 53.21279, 23.96391, 100.7, 7.04, nan, nan
$2021-07-13 21:15:52, 7462310, 7015528, 2.4093890, 13.9195, 53.21889, 24.00664, 100.7, 7.04, nan, nan
$2021-07-13 21:15:54, 7461465, 7014738, 2.4141688, 13.9012, 53.10292, 24.01999, 100.7, 7.04, nan, nan
$2021-07-13 21:15:56, 7460687, 7014040, 2.4164176, 6.5872, 53.04952, 24.04669, 100.7, 7.04, nan, nan
$2021-07-13 21:15:58, 7459808, 7013247, 2.4167681, 1.0217, 52.97933, 24.04669, 100.7, 7.04, nan, nan
$2021-07-13 21:16:00, 7458947, 7012468, 2.4170842, 0.9270, 52.91218, 24.07607, 100.7, 7.04, nan, nan
$2021-07-13 21:16:02, 7458069, 7011687, 2.4172988, 0.6219, 52.84352, 24.07607, 100.7, 7.04, nan, nan
$2021-07-13 21:16:04, 7457128, 7010869, 2.4173779, 0.2316, 52.82521, 24.11879, 100.7, 7.04, nan, nan
$2021-07-13 21:16:06, 7456212, 7010077, 2.4173102, -0.1983, 52.80232, 24.11879, 100.7, 7.04, nan, nan
$2021-07-13 21:16:08, 7455238, 7009212, 2.4171410, -0.4912, 52.75654, 24.13214, 101.0, 7.04, nan, nan
$2021-07-13 21:16:10, 7454224, 7008314, 2.4170275, -0.3296, 52.70161, 24.15884, 101.0, 7.04, nan, nan
$2021-07-13 21:16:12, 7453261, 7007456, 2.4169827, -0.1299, 52.63142, 24.15884, 101.0, 7.04, nan, nan
$2021-07-13 21:16:14, 7452278, 7006574, 2.4170389, 0.1640, 52.63295, 24.17487, 101.0, 7.04, nan, nan
$2021-07-13 21:16:16, 7451231, 7005634, 2.4171181, 0.2280, 52.54139, 24.18822, 101.0, 7.04, nan, nan
$2021-07-13 21:16:18, 7450220, 7004744, 2.4172087, 0.2650, 52.48950, 24.21760, 100.4, 7.04, nan, nan
$2021-07-13 21:16:20, 7449141, 7003803, 2.4171858, -0.0670, 52.50019, 24.21760, 100.4, 7.04, nan, nan
$2021-07-13 21:16:22, 7448105, 7002881, 2.4170504, -0.3963, 52.46356, 24.21760, 100.4, 7.04, nan, nan
$2021-07-13 21:16:24, 7447059, 7001971, 2.4168921, -0.4469, 52.44983, 24.28703, 100.7, 7.04, nan, nan
$2021-07-13 21:16:26, 7446017, 7000995, 2.4168582, -0.0990, 52.42542, 24.27367, 100.7, 7.04, nan, nan
$2021-07-13 21:16:28, 7444913, 7000070, 2.4169035, 0.1320, 52.37049, 24.28703, 100.4, 7.04, nan, nan
$2021-07-13 21:16:30, 7443794, 6999045, 2.4168806, -0.0664, 52.34760, 24.30038, 100.7, 7.04, nan, nan
$2021-07-13 21:16:32, 7442673, 6998043, 2.4168019, -0.2296, 52.33539, 24.30038, 100.4, 7.04, nan, nan
$2021-07-13 21:16:34, 7441682, 6997137, 2.4168358, 0.0987, 52.33997, 24.32975, 100.7, 7.04, nan, nan
$2021-07-13 21:16:36, 7440547, 6996228, 2.4168019, -0.0982, 52.36743, 24.35645, 100.4, 7.04, nan, nan
$2021-07-13 21:16:38, 7439345, 6995186, 2.4163046, -1.4457, 52.34302, 24.34310, 100.7, 7.04, nan, nan
$2021-07-13 21:16:40, 7438371, 6994328, 2.4155927, -2.0699, 52.29724, 24.36980, 100.7, 7.04, nan, nan
$2021-07-13 21:16:42, 7437266, 6993381, 2.4150615, -1.5464, 52.19806, 24.41253, 100.4, 7.04, nan, nan
$2021-07-13 21:16:44, 7436158, 6992420, 2.4146886, -1.0830, 52.06836, 24.39918, 100.7, 7.04, nan, nan
$2021-07-13 21:16:46, 7435046, 6991458, 2.4142704, -1.2015, 51.99970, 24.41253, 100.7, 7.04, nan, nan
$2021-07-13 21:16:48, 7433930, 6990455, 2.4138865, -1.1154, 51.94019, 24.42588, 100.7, 7.04, nan, nan
$2021-07-13 21:16:50, 7432792, 6989411, 2.4137168, -0.4951, 51.94019, 24.42588, 100.7, 7.04, nan, nan
$2021-07-13 21:16:52, 7431628, 6988426, 2.4136715, -0.1300, 51.90967, 24.48463, 100.7, 7.04, nan, nan
$2021-07-13 21:16:54, 7430482, 6987305, 2.4136829, 0.0335, 51.81812, 24.47128, 100.7, 7.04, nan, nan
$2021-07-13 21:16:56, 7429226, 6986266, 2.4137168, 0.0977, 51.84558, 24.50065, 100.7, 7.04, nan, nan
$2021-07-13 21:16:58, 7428033, 6985156, 2.4136605, -0.1625, 51.84864, 24.51400, 100.7, 7.04, nan, nan
$2021-07-13 21:17:00, 7427046, 6984184, 2.4137735, 0.3300, 52.00428, 24.52735, 100.7, 7.04, nan, nan
$2021-07-13 21:17:02, 7425889, 6983189, 2.4141350, 1.0485, 52.00580, 24.54070, 100.7, 7.04, nan, nan
$2021-07-13 21:17:04, 7424772, 6982165, 2.4144850, 1.0257, 52.00885, 24.55673, 100.7, 7.04, nan, nan
$2021-07-13 21:17:06, 7423598, 6981088, 2.4146209, 0.3954, 51.99665, 24.57008, 100.7, 7.04, nan, nan
$2021-07-13 21:17:08, 7422479, 6980086, 2.4147339, 0.3312, 52.05005, 24.59678, 100.7, 7.04, nan, nan
$2021-07-13 21:17:10, 7421375, 6979202, 2.4146433, -0.2647, 52.07904, 24.62615, 100.7, 7.04, nan, nan
$2021-07-13 21:17:12, 7420399, 6978411, 2.4139881, -1.9134, 52.06531, 24.62615, 100.7, 7.04, nan, nan
$2021-07-13 21:17:14, 7419294, 6977417, 2.4130840, -2.6331, 51.95545, 24.62615, 100.7, 7.04, nan, nan
$2021-07-13 21:17:16, 7418128, 6976434, 2.4123611, -2.1019, 51.75402, 24.65286, 100.7, 7.04, nan, nan
$2021-07-13 21:17:18, 7417042, 6975498, 2.4118075, -1.5979, 51.64263, 24.66888, 100.7, 7.04, nan, nan
$2021-07-13 21:17:20, 7415921, 6974524, 2.4112310, -1.6706, 51.53887, 24.65286, 100.7, 7.04, nan, nan
$2021-07-13 21:17:22, 7414813, 6973586, 2.4106321, -1.7423, 51.47021, 24.69558, 100.7, 7.04, nan, nan
$2021-07-13 21:17:24, 7413742, 6972555, 2.4102478, -1.1237, 51.34050, 24.69558, 100.7, 7.04, nan, nan
$2021-07-13 21:17:26, 7412612, 6971544, 2.4102364, -0.0335, 51.25353, 24.69558, 100.7, 7.04, nan, nan
$2021-07-13 21:17:28, 7411507, 6970513, 2.4105077, 0.7899, 51.14519, 24.73830, 100.7, 7.04, nan, nan
$2021-07-13 21:17:30, 7410355, 6969519, 2.4107447, 0.6868, 51.17113, 24.73830, 100.7, 7.04, nan, nan
$2021-07-13 21:17:32, 7409214, 6968540, 2.4106207, -0.3632, 51.20012, 24.76768, 100.7, 7.04, nan, nan
$2021-07-13 21:17:34, 7408154, 6967638, 2.4101686, -1.3174, 51.18029, 24.79438, 100.7, 7.04, nan, nan
$2021-07-13 21:17:36, 7407030, 6966640, 2.4096036, -1.6395, 51.12688, 24.79438, 100.7, 7.04, nan, nan
$2021-07-13 21:17:38, 7405926, 6965644, 2.4092307, -1.0846, 51.06585, 24.80773, 100.7, 7.04, nan, nan
$2021-07-13 21:17:40, 7404840, 6964681, 2.4090948, -0.3936, 51.00786, 24.85046, 101.0, 7.04, nan, nan
$2021-07-13 21:17:42, 7403729, 6963737, 2.4089255, -0.4870, 50.98955, 24.82375, 101.0, 7.04, nan, nan
$2021-07-13 21:17:44, 7402644, 6962770, 2.4086204, -0.8896, 50.93462, 24.86381, 101.0, 7.04, nan, nan
$2021-07-13 21:17:46, 7401441, 6961742, 2.4081798, -1.2755, 50.91020, 24.87983, 101.0, 7.04, nan, nan
$2021-07-13 21:17:48, 7400341, 6960755, 2.4077730, -1.1766, 50.86137, 24.90654, 101.0, 7.04, nan, nan
$2021-07-13 21:17:50, 7399230, 6959820, 2.4073887, -1.1168, 50.83848, 24.90654, 100.7, 7.04, nan, nan
$2021-07-13 21:17:52, 7398130, 6958839, 2.4069934, -1.1475, 50.82780, 24.91989, 100.7, 7.04, nan, nan
$2021-07-13 21:17:54, 7397035, 6957888, 2.4065862, -1.1844, 50.76066, 24.90654, 100.7, 7.04, nan, nan
$2021-07-13 21:17:56, 7395972, 6956876, 2.4063940, -0.5582, 50.74998, 24.91989, 100.4, 7.04, nan, nan
$2021-07-13 21:17:58, 7394739, 6955735, 2.4065638, 0.4918, 50.75456, 24.94926, 100.7, 7.04, nan, nan
$2021-07-13 21:18:00, 7393667, 6954844, 2.4067669, 0.5884, 50.87053, 24.96262, 100.7, 7.04, nan, nan
$2021-07-13 21:18:02, 7392642, 6953990, 2.4065523, -0.6251, 50.86137, 24.97597, 100.7, 7.04, nan, nan
$2021-07-13 21:18:04, 7391596, 6953112, 2.4057956, -2.2178, 50.80949, 24.97597, 100.7, 7.04, nan, nan
$2021-07-13 21:18:06, 7390486, 6952141, 2.4049592, -2.4210, 50.65996, 25.00534, 100.7, 7.04, nan, nan
$2021-07-13 21:18:08, 7389400, 6951186, 2.4043374, -1.8182, 50.53636, 25.03471, 100.4, 7.04, nan, nan
$2021-07-13 21:18:10, 7388307, 6950194, 2.4039760, -1.0579, 50.47074, 25.00534, 100.7, 7.04, nan, nan
$2021-07-13 21:18:12, 7387246, 6949275, 2.4037609, -0.6213, 50.42649, 25.06409, 100.7, 7.04, nan, nan
$2021-07-13 21:18:14, 7386170, 6948367, 2.4034672, -0.8495, 50.37461, 25.05074, 100.7, 7.04, nan, nan
$2021-07-13 21:18:16, 7385117, 6947438, 2.4029813, -1.4236, 50.30137, 25.07744, 100.7, 7.04, nan, nan
$2021-07-13 21:18:18, 7384075, 6946493, 2.4025636, -1.2103, 50.27390, 25.06409, 100.7, 7.04, nan, nan
$2021-07-13 21:18:20, 7382967, 6945570, 2.4022131, -1.0188, 50.24186, 25.10681, 100.7, 7.04, nan, nan
$2021-07-13 21:18:22, 7381906, 6944631, 2.4018402, -1.0886, 50.14267, 25.12016, 101.0, 7.04, nan, nan
$2021-07-13 21:18:24, 7380821, 6943665, 2.4014220, -1.2110, 50.08163, 25.13351, 100.7, 7.04, nan, nan
$2021-07-13 21:18:26, 7379719, 6942690, 2.4011283, -0.8592, 50.05417, 25.12016, 100.7, 7.04, nan, nan
$2021-07-13 21:18:28, 7378540, 6941479, 2.4012747, 0.4281, 50.04501, 25.14687, 100.7, 7.04, nan, nan
$2021-07-13 21:18:30, 7377305, 6940526, 2.4015913, 0.9192, 50.11520, 25.18959, 100.7, 7.04, nan, nan
$2021-07-13 21:18:32, 7376357, 6939670, 2.4014897, -0.2953, 50.38987, 25.16289, 100.7, 7.04, nan, nan
$2021-07-13 21:18:34, 7375376, 6938861, 2.4008679, -1.8198, 50.45854, 25.18959, 100.7, 7.04, nan, nan
$2021-07-13 21:18:36, 7374328, 6937821, 2.4004164, -1.3137, 50.42497, 25.21896, 100.7, 7.04, nan, nan
$2021-07-13 21:18:38, 7373224, 6936930, 2.4003367, -0.2328, 50.31053, 25.23232, 100.7, 7.04, nan, nan
$2021-07-13 21:18:40, 7372241, 6936045, 2.4001560, -0.5250, 50.37461, 25.21896, 100.7, 7.04, nan, nan
$2021-07-13 21:18:42, 7371271, 6935408, 2.3993649, -2.2957, 50.25102, 25.24567, 101.0, 7.04, nan, nan
$2021-07-13 21:18:44, 7370296, 6934427, 2.3982124, -3.3459, 50.06332, 25.27505, 100.7, 7.04, nan, nan
$2021-07-13 21:18:46, 7369269, 6933592, 2.3973985, -2.3582, 49.82070, 25.27505, 101.0, 7.04, nan, nan
$2021-07-13 21:18:48, 7368279, 6932769, 2.3968673, -1.5376, 49.63455, 25.31510, 101.0, 7.04, nan, nan
$2021-07-13 21:18:50, 7367243, 6931724, 2.3965626, -0.8816, 49.45602, 25.31510, 101.0, 7.04, nan, nan
$2021-07-13 21:18:52, 7366305, 6930974, 2.3964262, -0.3986, 49.36752, 25.30175, 100.7, 7.04, nan, nan
$2021-07-13 21:18:54, 7365257, 6930094, 2.3962684, -0.4422, 49.30495, 25.33112, 101.0, 7.04, nan, nan
$2021-07-13 21:18:56, 7364335, 6929345, 2.3955898, -1.9453, 49.19509, 25.35783, 100.7, 7.04, nan, nan
$2021-07-13 21:18:58, 7363450, 6928694, 2.3944263, -3.3897, 48.97994, 25.37385, 100.7, 7.04, nan, nan
$2021-07-13 21:19:00, 7362521, 6927895, 2.3931828, -3.6153, 48.67781, 25.40055, 100.7, 7.04, nan, nan
$2021-07-13 21:19:02, 7361549, 6927076, 2.3920979, -3.1610, 48.36195, 25.42992, 101.0, 7.04, nan, nan
$2021-07-13 21:19:04, 7360570, 6926245, 2.3913517, -2.1811, 48.08118, 25.41390, 100.7, 7.04, nan, nan
$2021-07-13 21:19:06, 7359584, 6925403, 2.3907413, -1.7668, 47.87671, 25.42992, 101.0, 7.04, nan, nan
$2021-07-13 21:19:08, 7358576, 6924518, 2.3901763, -1.6369, 47.78058, 25.45663, 101.0, 7.04, nan, nan
$2021-07-13 21:19:10, 7357549, 6923650, 2.3896680, -1.4727, 47.63867, 25.44327, 101.0, 7.04, nan, nan
$2021-07-13 21:19:12, 7356600, 6922831, 2.3891592, -1.4692, 47.59137, 25.48600, 101.0, 7.04, nan, nan
$2021-07-13 21:19:14, 7355567, 6921947, 2.3886395, -1.5024, 47.47845, 25.49935, 100.7, 7.04, nan, nan
$2021-07-13 21:19:16, 7354551, 6921079, 2.3880968, -1.5626, 47.44183, 25.49935, 101.0, 7.04, nan, nan
$2021-07-13 21:19:18, 7353568, 6920226, 2.3875656, -1.5372, 47.39605, 25.54208, 101.0, 7.04, nan, nan
$2021-07-13 21:19:20, 7352551, 6919388, 2.3870001, -1.6455, 47.35790, 25.54208, 101.4, 7.04, nan, nan
$2021-07-13 21:19:22, 7351523, 6918536, 2.3863106, -1.9898, 47.33501, 25.55543, 101.0, 7.04, nan, nan
$2021-07-13 21:19:24, 7350501, 6917636, 2.3854971, -2.3681, 47.29534, 25.55543, 101.0, 7.04, nan, nan
$2021-07-13 21:19:26, 7349504, 6916744, 2.3849320, -1.6462, 47.26177, 25.58481, 100.7, 7.04, nan, nan
$2021-07-13 21:19:28, 7348528, 6915898, 2.3846378, -0.8607, 47.23430, 25.57145, 100.7, 7.04, nan, nan
$2021-07-13 21:19:30, 7347527, 6915023, 2.3844457, -0.5616, 47.25261, 25.61418, 100.7, 7.04, nan, nan
$2021-07-13 21:19:32, 7346497, 6914126, 2.3841634, -0.8158, 47.17632, 25.61418, 100.7, 7.04, nan, nan
$2021-07-13 21:19:34, 7345490, 6913283, 2.3837337, -1.2437, 47.13817, 25.61418, 100.7, 7.04, nan, nan
$2021-07-13 21:19:36, 7344448, 6912383, 2.3832026, -1.5324, 47.12902, 25.64089, 101.0, 7.04, nan, nan
$2021-07-13 21:19:38, 7343416, 6911502, 2.3825808, -1.8131, 47.09392, 25.67026, 100.7, 7.04, nan, nan
$2021-07-13 21:19:40, 7342401, 6910634, 2.3819704, -1.7697, 47.07103, 25.68361, 100.7, 7.04, nan, nan
$2021-07-13 21:19:42, 7341397, 6909749, 2.3814502, -1.4984, 47.04357, 25.67026, 100.7, 7.04, nan, nan
$2021-07-13 21:19:45, 7340408, 6908880, 2.3810663, -1.1188, 47.05730, 25.68361, 100.7, 7.04, nan, nan
$2021-07-13 21:19:47, 7339434, 6908005, 2.3808174, -0.7232, 47.01915, 25.68361, 100.7, 7.04, nan, nan
$2021-07-13 21:19:49, 7338419, 6907101, 2.3807044, -0.3257, 46.96880, 25.68361, 100.7, 7.04, nan, nan
$2021-07-13 21:19:51, 7337455, 6906292, 2.3805013, -0.5925, 46.99626, 25.71298, 100.7, 7.04, nan, nan
$2021-07-13 21:19:53, 7336391, 6905342, 2.3801394, -1.0463, 46.91082, 25.73969, 101.0, 7.04, nan, nan
$2021-07-13 21:19:55, 7335434, 6904516, 2.3797660, -1.0844, 46.91082, 25.73969, 100.7, 7.04, nan, nan
$2021-07-13 21:19:57, 7334460, 6903654, 2.3794270, -0.9908, 46.84673, 25.73969, 101.0, 7.04, nan, nan
$2021-07-13 21:19:59, 7333479, 6902807, 2.3791103, -0.9231, 46.79943, 25.75304, 100.7, 7.04, nan, nan
$2021-07-13 21:20:01, 7332498, 6901958, 2.3787265, -1.1106, 46.77653, 25.78241, 101.0, 7.04, nan, nan
$2021-07-13 21:20:03, 7331657, 6901231, 2.3782969, -1.2539, 46.74907, 25.76906, 100.7, 7.04, nan, nan
$2021-07-13 21:20:05, 7330650, 6900285, 2.3779802, -0.9192, 46.72618, 25.78241, 100.7, 7.04, nan, nan
$2021-07-13 21:20:07, 7329665, 6899438, 2.3778787, -0.2885, 46.66362, 25.79576, 101.0, 7.04, nan, nan
$2021-07-13 21:20:09, 7328690, 6898563, 2.3777766, -0.2975, 46.63920, 25.80911, 100.7, 7.04, nan, nan
$2021-07-13 21:20:11, 7327785, 6897752, 2.3776298, -0.4289, 46.60411, 25.83849, 100.7, 7.04, nan, nan
$2021-07-13 21:20:13, 7326881, 6896952, 2.3775058, -0.3558, 46.56748, 25.83849, 100.7, 7.04, nan, nan
$2021-07-13 21:20:15, 7325954, 6896106, 2.3774600, -0.1332, 46.55222, 25.82514, 100.7, 7.04, nan, nan
$2021-07-13 21:20:17, 7325031, 6895299, 2.3773813, -0.2293, 46.47135, 25.80911, 101.0, 7.04, nan, nan
$2021-07-13 21:20:19, 7324111, 6894495, 2.3771892, -0.5590, 46.50340, 25.85184, 100.7, 7.04, nan, nan
$2021-07-13 21:20:21, 7323149, 6893653, 2.3768382, -1.0142, 46.46677, 25.85184, 101.0, 7.04, nan, nan
$2021-07-13 21:20:23, 7322277, 6892903, 2.3764205, -1.2151, 46.45762, 25.88121, 100.7, 7.04, nan, nan
$2021-07-13 21:20:25, 7321377, 6892129, 2.3759341, -1.4119, 46.39201, 25.86519, 100.7, 7.04, nan, nan
$2021-07-13 21:20:27, 7320467, 6891348, 2.3753915, -1.5754, 46.40574, 25.88121, 100.7, 7.04, nan, nan
$2021-07-13 21:20:29, 7319582, 6890597, 2.3747811, -1.7841, 46.39353, 25.88121, 100.7, 7.04, nan, nan
$2021-07-13 21:20:31, 7318766, 6889848, 2.3742385, -1.5773, 46.35691, 25.90791, 100.7, 7.04, nan, nan
$2021-07-13 21:20:33, 7317866, 6889041, 2.3739333, -0.8795, 46.32944, 25.88121, 100.7, 7.04, nan, nan
$2021-07-13 21:20:35, 7317026, 6888278, 2.3738656, -0.1966, 46.30655, 25.90791, 100.7, 7.04, nan, nan
$2021-07-13 21:20:37, 7316172, 6887506, 2.3738542, -0.0328, 46.30960, 25.92127, 101.0, 7.04, nan, nan
$2021-07-13 21:20:39, 7315337, 6886760, 2.3738089, -0.1306, 46.27298, 25.93729, 101.0, 7.04, nan, nan
$2021-07-13 21:20:41, 7314472, 6886027, 2.3736281, -0.5286, 46.27451, 25.95064, 100.7, 7.04, nan, nan
$2021-07-13 21:20:43, 7313612, 6885234, 2.3733339, -0.8484, 46.24704, 25.93729, 101.0, 7.04, nan, nan
$2021-07-13 21:20:45, 7312795, 6884512, 2.3730631, -0.7839, 46.24704, 25.93729, 101.0, 7.04, nan, nan
$2021-07-13 21:20:47, 7311980, 6883749, 2.3729610, -0.2953, 46.19974, 25.95064, 100.7, 7.04, nan, nan
$2021-07-13 21:20:49, 7311156, 6883022, 2.3729839, 0.0665, 46.23636, 25.96399, 100.7, 7.04, nan, nan
$2021-07-13 21:20:51, 7310350, 6882327, 2.3728933, -0.2617, 46.19974, 25.96399, 101.0, 7.04, nan, nan
$2021-07-13 21:20:53, 7309532, 6881579, 2.3726559, -0.6905, 46.16312, 25.98001, 100.7, 7.04, nan, nan
$2021-07-13 21:20:55, 7308725, 6880852, 2.3724298, -0.6567, 46.13718, 25.98001, 100.7, 7.04, nan, nan
$2021-07-13 21:20:57, 7307952, 6880153, 2.3723392, -0.2632, 46.16769, 26.02007, 100.7, 7.04, nan, nan
$2021-07-13 21:20:59, 7307169, 6879480, 2.3722486, -0.2630, 46.15854, 26.03609, 100.7, 7.04, nan, nan
$2021-07-13 21:21:01, 7306424, 6878830, 2.3720117, -0.6888, 46.12649, 25.99336, 101.0, 7.04, nan, nan
$2021-07-13 21:21:03, 7305658, 6878175, 2.3716159, -1.1464, 46.09140, 26.00672, 100.7, 7.04, nan, nan
$2021-07-13 21:21:05, 7304873, 6877460, 2.3712087, -1.1877, 46.04105, 26.03609, 101.0, 7.04, nan, nan
$2021-07-13 21:21:07, 7304126, 6876797, 2.3709149, -0.8522, 46.02731, 26.02007, 100.7, 7.04, nan, nan
$2021-07-13 21:21:09, 7303382, 6876154, 2.3706889, -0.6548, 46.02121, 26.06279, 100.7, 7.04, nan, nan
$2021-07-13 21:21:11, 7302644, 6875524, 2.3703723, -0.9251, 46.01663, 26.03609, 100.7, 7.04, nan, nan
$2021-07-13 21:21:13, 7301937, 6874887, 2.3699431, -1.2448, 45.98154, 26.04944, 100.7, 7.04, nan, nan
$2021-07-13 21:21:15, 7301181, 6874211, 2.3696036, -0.9900, 45.95407, 26.04944, 100.7, 7.04, nan, nan
$2021-07-13 21:21:17, 7300473, 6873581, 2.3694115, -0.5584, 45.93423, 26.07614, 100.7, 7.04, nan, nan
$2021-07-13 21:21:19, 7299751, 6872956, 2.3692307, -0.5246, 45.93423, 26.07614, 100.7, 7.04, nan, nan
$2021-07-13 21:21:21, 7299040, 6872308, 2.3690047, -0.6552, 45.93423, 26.07614, 101.0, 7.04, nan, nan
$2021-07-13 21:21:23, 7298393, 6871735, 2.3688464, -0.4583, 45.90829, 26.09216, 101.0, 7.04, nan, nan
$2021-07-13 21:21:25, 7297741, 6871150, 2.3687105, -0.3871, 45.87015, 26.09216, 101.0, 7.04, nan, nan
$2021-07-13 21:21:27, 7296990, 6870484, 2.3685861, -0.3626, 45.79690, 26.10819, 101.0, 7.04, nan, nan
$2021-07-13 21:21:29, 7296339, 6869873, 2.3685074, -0.2282, 45.79690, 26.10819, 100.7, 7.03, nan, nan
$2021-07-13 21:21:31, 7295642, 6869278, 2.3684278, -0.2310, 45.77096, 26.12154, 101.0, 7.04, nan, nan
$2021-07-13 21:21:33, 7294981, 6868672, 2.3683491, -0.2277, 45.73282, 26.10819, 101.0, 7.03, nan, nan
$2021-07-13 21:21:35, 7294328, 6868067, 2.3682809, -0.1917, 45.68704, 26.15091, 100.7, 7.04, nan, nan
$2021-07-13 21:21:37, 7293634, 6867434, 2.3683147, 0.0963, 45.67026, 26.12154, 101.0, 7.03, nan, nan
$2021-07-13 21:21:39, 7293008, 6866881, 2.3683939, 0.2299, 45.66110, 26.15091, 101.0, 7.04, nan, nan
$2021-07-13 21:21:41, 7292346, 6866286, 2.3683600, -0.0986, 45.62295, 26.16426, 101.0, 7.04, nan, nan
$2021-07-13 21:21:43, 7291715, 6865708, 2.3682694, -0.2548, 45.63364, 26.15091, 101.0, 7.03, nan, nan
$2021-07-13 21:21:45, 7291058, 6865149, 2.3681793, -0.2627, 45.61990, 26.13489, 101.0, 7.04, nan, nan
$2021-07-13 21:21:47, 7290421, 6864622, 2.3679080, -0.7931, 45.55886, 26.15091, 100.4, 7.03, nan, nan
$2021-07-13 21:21:49, 7289786, 6864047, 2.3674445, -1.3532, 45.55886, 26.15091, 100.7, 7.04, nan, nan
$2021-07-13 21:21:51, 7289187, 6863518, 2.3670826, -1.0134, 45.52377, 26.19097, 100.7, 7.03, nan, nan
$2021-07-13 21:21:53, 7288564, 6862958, 2.3668795, -0.5780, 45.54971, 26.17761, 100.7, 7.03, nan, nan
$2021-07-13 21:21:55, 7287921, 6862346, 2.3668566, -0.0665, 45.47341, 26.19097, 101.0, 7.03, nan, nan
$2021-07-13 21:21:57, 7287354, 6861866, 2.3668675, 0.0318, 45.46426, 26.20699, 100.7, 7.04, nan, nan
$2021-07-13 21:21:59, 7286740, 6861328, 2.3668227, -0.1310, 45.46426, 26.20699, 100.4, 7.04, nan, nan
$2021-07-13 21:22:01, 7286183, 6860821, 2.3666077, -0.6252, 45.47647, 26.20699, 100.7, 7.03, nan, nan
$2021-07-13 21:22:03, 7285588, 6860304, 2.3663931, -0.6254, 45.45358, 26.22034, 100.4, 7.04, nan, nan
$2021-07-13 21:22:05, 7285055, 6859823, 2.3662686, -0.3622, 45.49020, 26.22034, 100.4, 7.03, nan, nan
$2021-07-13 21:22:07, 7284455, 6859278, 2.3661780, -0.2537, 45.46426, 26.20699, 100.7, 7.03, nan, nan
$2021-07-13 21:22:10, 7283808, 6858704, 2.3661103, -0.1972, 45.49172, 26.24704, 100.7, 7.03, nan, nan
$2021-07-13 21:22:12, 7283288, 6858247, 2.3659973, -0.3281, 45.48257, 26.24704, 100.7, 7.03, nan, nan
$2021-07-13 21:22:14, 7282722, 6857761, 2.3658051, -0.5573, 45.45358, 26.22034, 100.7, 7.04, nan, nan
$2021-07-13 21:22:16, 7282178, 6857254, 2.3656130, -0.5592, 45.44137, 26.24704, 100.7, 7.03, nan, nan
$2021-07-13 21:22:18, 7281641, 6856753, 2.3655562, -0.1656, 45.43069, 26.24704, 100.4, 7.03, nan, nan
$2021-07-13 21:22:20, 7281095, 6856283, 2.3655901, 0.0990, 45.41696, 26.24704, 100.7, 7.03, 45.52241, -122.68380
$2021-07-13 21:22:22, 7280556, 6855809, 2.3655338, -0.1650, 45.41848, 26.26306, 100.4, 7.03, 45.52241, -122.68380
$2021-07-13 21:22:24, 7280037, 6855371, 2.3653073, -0.6579, 45.36660, 26.26306, 100.7, 7.03, 45.52241, -122.68380
$2021-07-13 21:22:26, 7279556, 6854931, 2.3650475, -0.7599, 45.38491, 26.30312, 100.4, 7.03, 45.52241, -122.68380
$2021-07-13 21:22:28, 7279021, 6854445, 2.3649006, -0.4304, 45.34371, 26.26306, 100.7, 7.03, 45.52241, -122.68380
$2021-07-13 21:22:30, 7278487, 6853981, 2.3648219, -0.2285, 45.29030, 26.26306, 100.7, 7.03, 45.52241, -122.68380
$2021-07-13 21:22:32, 7277986, 6853545, 2.3646746, -0.4283, 45.27047, 26.30312, 100.7, 7.03, 45.52241, -122.68380
$2021-07-13 21:22:34, 7277452, 6853092, 2.3644032, -0.7877, 45.28420, 26.30312, 100.7, 7.03, 45.52241, -122.68380
$2021-07-13 21:22:36, 7276969, 6852658, 2.3641319, -0.7892, 45.28573, 26.31915, 100.7, 7.03, 45.52241, -122.68380
$2021-07-13 21:22:38, 7276463, 6852201, 2.3639512, -0.5243, 45.18959, 26.27642, 100.7, 7.03, 45.52241, -122.68380
$2021-07-13 21:22:40, 7275956, 6851762, 2.3638377, -0.3300, 45.21095, 26.33250, 100.7, 7.03, 45.52235, -122.68382
$2021-07-13 21:22:42, 7275478, 6851296, 2.3637700, -0.1968, 45.16975, 26.31915, 100.7, 7.03, 45.52235, -122.68382
$2021-07-13 21:22:44, 7274975, 6850842, 2.3638268, 0.1647, 45.16670, 26.30312, 100.7, 7.03, 45.52235, -122.68382
$2021-07-13 21:22:46, 7274511, 6850382, 2.3640304, 0.5903, 45.14381, 26.31915, 100.7, 7.03, 45.52235, -122.68382
$2021-07-13 21:22:48, 7274026, 6849950, 2.3642902, 0.7589, 45.11940, 26.33250, 100.4, 7.03, 45.52235, -122.68382
$2021-07-13 21:22:50, 7273540, 6849499, 2.3645163, 0.6571, 45.11024, 26.34585, 100.7, 7.03, 45.52235, -122.68382
$2021-07-13 21:22:52, 7273044, 6849082, 2.3645730, 0.1660, 45.08736, 26.35920, 100.7, 7.03, 45.52235, -122.68382
$2021-07-13 21:22:54, 7272599, 6848681, 2.3644824, -0.2641, 45.09346, 26.31915, 100.7, 7.03, 45.52235, -122.68382
$2021-07-13 21:22:56, 7272130, 6848219, 2.3644257, -0.1650, 45.07057, 26.34585, 100.7, 7.03, 45.52235, -122.68382
$2021-07-13 21:22:58, 7271683, 6847803, 2.3645501, 0.3617, 45.05074, 26.38857, 100.7, 7.03, 45.52235, -122.68382
$2021-07-13 21:23:00, 7271234, 6847397, 2.3648100, 0.7552, 45.07057, 26.34585, 100.7, 7.03, 45.52235, -122.68382
$2021-07-13 21:23:02, 7270749, 6846968, 2.3649344, 0.3616, 45.04768, 26.37522, 100.7, 7.03, 45.52235, -122.68382
$2021-07-13 21:23:04, 7270304, 6846565, 2.3649120, -0.0651, 45.05989, 26.34585, 100.7, 7.03, 45.52235, -122.68382
$2021-07-13 21:23:06, 7269892, 6846190, 2.3648443, -0.1967, 45.04768, 26.35920, 100.7, 7.03, 45.52235, -122.68382
$2021-07-13 21:23:08, 7269447, 6845800, 2.3647990, -0.1316, 45.05989, 26.35920, 100.7, 7.03, 45.52235, -122.68382
$2021-07-13 21:23:10, 7269036, 6845434, 2.3647199, -0.2319, 45.04768, 26.37522, 100.7, 7.03, 45.52235, -122.68382
$2021-07-13 21:23:12, 7268584, 6845006, 2.3646407, -0.2311, 44.98665, 26.37522, 100.7, 7.03, 45.52235, -122.68382
$2021-07-13 21:23:14, 7268140, 6844616, 2.3646297, -0.0319, 44.98665, 26.37522, 100.7, 7.03, 45.52235, -122.68382
$2021-07-13 21:23:16, 7267718, 6844256, 2.3646178, -0.0347, 45.01106, 26.38857, 100.7, 7.03, 45.52235, -122.68382
$2021-07-13 21:23:18, 7267320, 6843871, 2.3645277, -0.2611, 45.01411, 26.40193, 100.7, 7.03, 45.52235, -122.68382
$2021-07-13 21:23:20, 7266907, 6843478, 2.3645954, 0.1979, 44.99123, 26.41528, 100.7, 7.03, 45.52272, -122.68432
$2021-07-13 21:23:22, 7266474, 6843105, 2.3647652, 0.4933, 44.95155, 26.41528, 100.7, 7.03, 45.52272, -122.68432
$2021-07-13 21:23:24, 7266062, 6842721, 2.3648558, 0.2649, 44.95003, 26.40193, 100.7, 7.03, 45.52272, -122.68432
$2021-07-13 21:23:26, 7265665, 6842327, 2.3649459, 0.2628, 44.92714, 26.41528, 100.4, 7.03, 45.52272, -122.68432
$2021-07-13 21:23:28, 7265265, 6841966, 2.3651271, 0.5069, 44.93782, 26.41528, 101.0, 7.03, 45.52272, -122.68432
$2021-07-13 21:23:30, 7264833, 6841578, 2.3653193, 0.5633, 44.91493, 26.43130, 100.7, 7.03, 45.52272, -122.68432
$2021-07-13 21:23:32, 7264436, 6841196, 2.3654208, 0.2975, 44.91493, 26.43130, 100.7, 7.03, 45.52270, -122.68434
$2021-07-13 21:23:34, 7264042, 6840871, 2.3654656, 0.1308, 44.89967, 26.41528, 100.7, 7.03, 45.52270, -122.68434
$2021-07-13 21:23:36, 7263672, 6840508, 2.3654656, 0.0000, 44.90425, 26.44465, 100.4, 7.03, 45.52270, -122.68434
$2021-07-13 21:23:38, 7263278, 6840172, 2.3654547, -0.0319, 44.86763, 26.44465, 100.7, 7.03, 45.52270, -122.68434
$2021-07-13 21:23:40, 7262904, 6839823, 2.3654547, 0.0000, 44.84016, 26.43130, 101.0, 7.03, 45.52270, -122.68434
$2021-07-13 21:23:42, 7262503, 6839449, 2.3654776, 0.0664, 44.81727, 26.45800, 100.7, 7.03, 45.52270, -122.68434
$2021-07-13 21:23:44, 7262105, 6839109, 2.3655000, 0.0648, 44.81422, 26.44465, 101.0, 7.03, 45.52270, -122.68434
$2021-07-13 21:23:46, 7261732, 6838798, 2.3654318, -0.1987, 44.78981, 26.45800, 100.7, 7.03, 45.52270, -122.68434
$2021-07-13 21:23:48, 7261366, 6838515, 2.3651271, -0.8850, 44.74098, 26.47135, 100.7, 7.03, 45.52270, -122.68434
$2021-07-13 21:23:50, 7261011, 6838177, 2.3647423, -1.1234, 44.69368, 26.48737, 100.7, 7.03, 45.52270, -122.68434
$2021-07-13 21:23:52, 7260627, 6837839, 2.3645277, -0.6278, 44.65400, 26.48737, 100.7, 7.03, 45.52275, -122.68440
$2021-07-13 21:23:54, 7260249, 6837506, 2.3644595, -0.1983, 44.58992, 26.48737, 100.7, 7.03, 45.52275, -122.68440
$2021-07-13 21:23:56, 7259877, 6837189, 2.3644032, -0.1634, 44.55329, 26.50073, 100.7, 7.03, 45.52275, -122.68440
$2021-07-13 21:23:58, 7259504, 6836859, 2.3642449, -0.4596, 44.49836, 26.48737, 100.7, 7.03, 45.52275, -122.68440
$2021-07-13 21:24:00, 7259121, 6836524, 2.3640981, -0.4263, 44.53804, 26.48737, 100.7, 7.03, 45.52275, -122.68440
$2021-07-13 21:24:02, 7258760, 6836189, 2.3639622, -0.3951, 44.46174, 26.48737, 100.7, 7.03, 0.03333, 3.60000
$2021-07-13 21:24:04, 7258394, 6835869, 2.3639059, -0.1637, 44.43733, 26.48737, 100.7, 7.03, 0.03333, 3.60000
$2021-07-13 21:24:06, 7258029, 6835557, 2.3638268, -0.2297, 44.43885, 26.51408, 100.7, 7.03, 0.03333, 3.60000
$2021-07-13 21:24:08, 7257693, 6835234, 2.3637815, -0.1316, 44.41596, 26.52743, 100.7, 7.03, 0.03333, 3.60000
$2021-07-13 21:24:10, 7257328, 6834912, 2.3637815, 0.0000, 44.42512, 26.51408, 101.0, 7.03, 0.03333, 3.60000
$2021-07-13 21:24:12, 7256958, 6834600, 2.3638039, 0.0657, 44.44191, 26.52743, 100.7, 7.03, 45.52277, -122.68437
$2021-07-13 21:24:14, 7256590, 6834269, 2.3637023, -0.2964, 44.38849, 26.52743, 100.7, 7.03, 45.52277, -122.68437
$2021-07-13 21:24:16, 7256245, 6833956, 2.3635893, -0.3283, 44.42512, 26.51408, 100.7, 7.03, 45.52277, -122.68437
$2021-07-13 21:24:18, 7255938, 6833634, 2.3636913, 0.2963, 44.42054, 26.57015, 100.7, 7.03, 45.52277, -122.68437
$2021-07-13 21:24:20, 7255597, 6833343, 2.3639174, 0.6576, 44.42817, 26.52743, 100.7, 7.03, 45.52277, -122.68437
$2021-07-13 21:24:22, 7255254, 6833037, 2.3641095, 0.5579, 44.41596, 26.54345, 100.7, 7.03, 45.52277, -122.68437
$2021-07-13 21:24:24, 7254962, 6832766, 2.3641205, 0.0321, 44.41138, 26.50073, 100.7, 7.03, 45.52277, -122.68437
$2021-07-13 21:24:26, 7254591, 6832430, 2.3640981, -0.0654, 44.42817, 26.52743, 100.7, 7.03, 45.52277, -122.68437
$2021-07-13 21:24:28, 7254221, 6832116, 2.3640528, -0.1315, 44.40223, 26.52743, 100.7, 7.03, 45.52277, -122.68437
$2021-07-13 21:24:30, 7253866, 6831785, 2.3639736, -0.2301, 44.40528, 26.54345, 100.7, 7.03, 45.52277, -122.68437
$2021-07-13 21:24:32, 7253543, 6831494, 2.3638945, -0.2299, 44.36866, 26.54345, 100.7, 7.03, 45.52276, -122.68434
$2021-07-13 21:24:34, 7253223, 6831163, 2.3639851, 0.2632, 44.41596, 26.54345, 100.7, 7.03, 45.52276, -122.68434
$2021-07-13 21:24:36, 7252891, 6830894, 2.3641658, 0.5251, 44.43274, 26.55680, 100.7, 7.03, 45.52276, -122.68434
$2021-07-13 21:24:38, 7252553, 6830578, 2.3642335, 0.1969, 44.43274, 26.55680, 100.7, 7.03, 45.52276, -122.68434
$2021-07-13 21:24:40, 7252259, 6830294, 2.3642673, 0.0983, 44.42054, 26.57015, 100.7, 7.03, 45.52276, -122.68434
$2021-07-13 21:24:42, 7251919, 6830017, 2.3643017, 0.0998, 44.33356, 26.58617, 100.7, 7.03, 45.52276, -122.68434
$2021-07-13 21:24:44, 7251610, 6829750, 2.3642564, -0.1316, 44.39307, 26.57015, 100.7, 7.03, 45.52276, -122.68434
$2021-07-13 21:24:46, 7251308, 6829455, 2.3641658, -0.2650, 44.35645, 26.57015, 100.7, 7.03, 45.52276, -122.68434
$2021-07-13 21:24:48, 7251000, 6829187, 2.3641319, -0.0990, 44.33356, 26.58617, 100.7, 7.03, 45.52276, -122.68434
$2021-07-13 21:24:50, 7250716, 6828937, 2.3641658, 0.0984, 44.33356, 26.58617, 100.7, 7.03, 45.52276, -122.68434
$2021-07-13 21:24:52, 7250400, 6828647, 2.3641319, -0.0989, 44.28168, 26.58617, 100.7, 7.03, 45.52279, -122.68444
$2021-07-13 21:24:54, 7250072, 6828357, 2.3640866, -0.1323, 44.32288, 26.59953, 100.7, 7.03, 45.52279, -122.68444
$2021-07-13 21:24:56, 7249758, 6828097, 2.3640075, -0.2301, 44.26948, 26.59953, 100.7, 7.03, 45.52279, -122.68444
$2021-07-13 21:24:58, 7249471, 6827832, 2.3638496, -0.4588, 44.32288, 26.61288, 100.7, 7.03, 45.52279, -122.68444
$2021-07-13 21:25:00, 7249166, 6827553, 2.3637700, -0.2312, 44.29694, 26.61288, 100.7, 7.03, 45.52279, -122.68444
$2021-07-13 21:25:02, 7248882, 6827271, 2.3638496, 0.2325, 44.33814, 26.62624, 100.7, 7.03, 45.52279, -122.68444
$2021-07-13 21:25:04, 7248588, 6826998, 2.3640757, 0.6619, 44.32288, 26.61288, 100.7, 7.03, 45.52279, -122.68444
$2021-07-13 21:25:06, 7248288, 6826720, 2.3642902, 0.6239, 44.31067, 26.61288, 100.7, 7.03, 45.52279, -122.68444
$2021-07-13 21:25:08, 7247982, 6826437, 2.3644485, 0.4594, 44.31373, 26.62624, 100.7, 7.03, 45.52279, -122.68444
$2021-07-13 21:25:10, 7247708, 6826177, 2.3645501, 0.2950, 44.28626, 26.62624, 100.7, 7.03, 45.52279, -122.68444
$2021-07-13 21:25:12, 7247427, 6825933, 2.3646517, 0.2944, 44.31067, 26.61288, 100.7, 7.03, 45.52269, -122.68434
$2021-07-13 21:25:14, 7247137, 6825695, 2.3646178, -0.0987, 44.29999, 26.62624, 100.7, 7.03, 45.52269, -122.68434
$2021-07-13 21:25:16, 7246876, 6825459, 2.3644824, -0.3928, 44.27405, 26.64226, 100.7, 7.02, 45.52269, -122.68434
$2021-07-13 21:25:18, 7246614, 6825211, 2.3643694, -0.3288, 44.24964, 26.64226, 100.7, 7.03, 45.52269, -122.68434
$2021-07-13 21:25:20, 7246303, 6824945, 2.3643579, -0.0332, 44.20997, 26.62624, 100.7, 7.03, 45.52269, -122.68434
$2021-07-13 21:25:22, 7246035, 6824691, 2.3643579, 0.0000, 44.19623, 26.62624, 100.7, 7.03, 45.52269, -122.68434
$2021-07-13 21:25:24, 7245739, 6824458, 2.3642788, -0.2302, 44.13672, 26.67163, 100.7, 7.03, 45.52267, -122.68434
$2021-07-13 21:25:26, 7245487, 6824214, 2.3641996, -0.2300, 44.12147, 26.64226, 100.7, 7.03, 45.52267, -122.68434
$2021-07-13 21:25:28, 7245213, 6823979, 2.3641658, -0.0983, 44.14893, 26.65561, 100.7, 7.03, 45.52267, -122.68434
$2021-07-13 21:25:30, 7244965, 6823748, 2.3641772, 0.0333, 44.13672, 26.67163, 100.7, 7.03, 45.52267, -122.68434
$2021-07-13 21:25:32, 7244692, 6823479, 2.3642902, 0.3284, 44.09858, 26.64226, 100.7, 7.03, 45.52267, -122.68434
$2021-07-13 21:25:34, 7244410, 6823212, 2.3644714, 0.5265, 44.08637, 26.67163, 100.7, 7.03, 45.52269, -122.68437
$2021-07-13 21:25:36, 7244167, 6822979, 2.3647313, 0.7555, 44.08637, 26.67163, 100.7, 7.03, 45.52269, -122.68437
$2021-07-13 21:25:38, 7243890, 6822750, 2.3648896, 0.4598, 44.06196, 26.67163, 100.7, 7.03, 45.52269, -122.68437
$2021-07-13 21:25:40, 7243620, 6822500, 2.3649235, 0.0984, 44.07569, 26.68498, 100.7, 7.03, 45.52269, -122.68437
$2021-07-13 21:25:42, 7243387, 6822258, 2.3649683, 0.1301, 44.07569, 26.68498, 100.7, 7.03, 45.52269, -122.68437
$2021-07-13 21:25:44, 7243141, 6822045, 2.3651495, 0.5260, 44.05890, 26.65561, 100.7, 7.03, 45.52269, -122.68437
$2021-07-13 21:25:46, 7242849, 6821798, 2.3652396, 0.2620, 44.04822, 26.67163, 100.7, 7.03, 45.52269, -122.68437
$2021-07-13 21:25:48, 7242624, 6821584, 2.3652058, -0.0984, 44.05280, 26.70100, 100.7, 7.03, 45.52269, -122.68437
$2021-07-13 21:25:50, 7242411, 6821386, 2.3651834, -0.0651, 43.99786, 26.68498, 100.7, 7.03, 45.52269, -122.68437
$2021-07-13 21:25:52, 7242185, 6821150, 2.3653417, 0.4594, 44.01160, 26.68498, 100.7, 7.03, 45.52269, -122.68437
$2021-07-13 21:25:54, 7241947, 6820946, 2.3655791, 0.6898, 44.05280, 26.70100, 100.7, 7.03, 45.52267, -122.68429
$2021-07-13 21:25:56, 7241721, 6820732, 2.3657484, 0.4923, 44.02686, 26.71436, 100.7, 7.02, 45.52267, -122.68429
$2021-07-13 21:25:58, 7241429, 6820447, 2.3658729, 0.3615, 43.98566, 26.67163, 100.7, 7.03, 45.52267, -122.68429
$2021-07-13 21:26:00, 7241183, 6820234, 2.3659973, 0.3622, 44.01312, 26.70100, 100.7, 7.03, 45.52267, -122.68429
$2021-07-13 21:26:02, 7240944, 6820045, 2.3659859, -0.0332, 43.97192, 26.67163, 100.7, 7.03, 45.52267, -122.68429
$2021-07-13 21:26:04, 7240712, 6819807, 2.3658843, -0.2949, 44.05280, 26.71436, 100.7, 7.02, 45.52267, -122.68429
$2021-07-13 21:26:06, 7240467, 6819608, 2.3658276, -0.1649, 44.02686, 26.71436, 100.7, 7.03, 45.52267, -122.68429
$2021-07-13 21:26:08, 7240238, 6819400, 2.3658051, -0.0651, 44.02533, 26.70100, 100.7, 7.02, 45.52267, -122.68429
$2021-07-13 21:26:10, 7239982, 6819192, 2.3657036, -0.2949, 44.01312, 26.71436, 100.7, 7.03, 45.52267, -122.68429
$2021-07-13 21:26:12, 7239751, 6818976, 2.3655677, -0.3951, 44.02991, 26.72771, 100.7, 7.02, 45.52267, -122.68429
$2021-07-13 21:26:14, 7239532, 6818766, 2.3655338, -0.0983, 44.02686, 26.71436, 100.7, 7.02, 45.52267, -122.68429
$2021-07-13 21:26:16, 7239300, 6818557, 2.3656130, 0.2300, 44.02533, 26.70100, 100.7, 7.02, 45.52267, -122.68429
$2021-07-13 21:26:18, 7239068, 6818341, 2.3657036, 0.2631, 44.00244, 26.71436, 100.7, 7.02, 45.52267, -122.68429
$2021-07-13 21:26:20, 7238842, 6818155, 2.3656921, -0.0333, 44.02686, 26.71436, 100.7, 7.02, 45.52267, -122.68429
$2021-07-13 21:26:22, 7238648, 6817972, 2.3656468, -0.1327, 43.97955, 26.72771, 100.7, 7.02, 45.52267, -122.68429
$2021-07-13 21:26:24, 7238428, 6817751, 2.3656921, 0.1316, 43.97040, 26.75708, 100.7, 7.02, 45.52272, -122.68425
$2021-07-13 21:26:26, 7238195, 6817533, 2.3658390, 0.4282, 43.95209, 26.71436, 100.7, 7.02, 45.52272, -122.68425
$2021-07-13 21:26:28, 7237994, 6817347, 2.3660197, 0.5294, 43.93836, 26.71436, 100.7, 7.02, 45.52272, -122.68425
$2021-07-13 21:26:30, 7237781, 6817160, 2.3661103, 0.2645, 43.91547, 26.72771, 100.7, 7.02, 45.52272, -122.68425
$2021-07-13 21:26:32, 7237574, 6816972, 2.3660994, -0.0318, 43.92615, 26.71436, 100.7, 7.02, 45.52272, -122.68425
$2021-07-13 21:26:34, 7237345, 6816799, 2.3659973, -0.2937, 43.94293, 26.74106, 100.7, 7.02, 45.52272, -122.68425
$2021-07-13 21:26:37, 7237145, 6816656, 2.3657374, -0.7618, 43.88037, 26.77043, 100.7, 7.02, 45.52272, -122.68425
$2021-07-13 21:26:39, 7236944, 6816458, 2.3654099, -0.9520, 43.88953, 26.74106, 100.7, 7.02, 45.52272, -122.68425
$2021-07-13 21:26:41, 7236745, 6816269, 2.3652511, -0.4616, 43.88953, 26.74106, 100.7, 7.02, 45.52272, -122.68425
$2021-07-13 21:26:43, 7236502, 6816065, 2.3652625, 0.0332, 43.87579, 26.74106, 100.7, 7.02, 45.52272, -122.68425
$2021-07-13 21:26:45, 7236300, 6815890, 2.3652172, -0.1316, 43.89258, 26.77043, 100.7, 7.02, 45.52272, -122.68425
$2021-07-13 21:26:47, 7236104, 6815718, 2.3651156, -0.2948, 43.86664, 26.75708, 100.7, 7.02, 45.52272, -122.68425
$2021-07-13 21:26:49, 7235894, 6815527, 2.3650589, -0.1648, 43.83001, 26.77043, 100.7, 7.02, 45.52272, -122.68425
$2021-07-13 21:26:51, 7235691, 6815348, 2.3650250, -0.0983, 43.82849, 26.75708, 100.7, 7.02, 45.52272, -122.68425
$2021-07-13 21:26:53, 7235501, 6815154, 2.3650589, 0.0983, 43.81628, 26.75708, 100.7, 7.02, 45.52272, -122.68425
$2021-07-13 21:26:55, 7235308, 6814995, 2.3651156, 0.1649, 43.82849, 26.75708, 100.7, 7.02, 45.52272, -122.68425
$2021-07-13 21:26:57, 7235131, 6814814, 2.3651609, 0.1314, 43.87427, 26.72771, 100.7, 7.02, 45.52272, -122.68425
$2021-07-13 21:26:59, 7234923, 6814621, 2.3652287, 0.1977, 43.81628, 26.77043, 100.4, 7.02, 45.52272, -122.68425
$2021-07-13 21:27:01, 7234751, 6814443, 2.3653755, 0.4266, 43.84375, 26.77043, 100.7, 7.02, 45.52272, -122.68425
$2021-07-13 21:27:03, 7234556, 6814291, 2.3655338, 0.4589, 43.77966, 26.78378, 100.7, 7.02, 45.52272, -122.68425
$2021-07-13 21:27:05, 7234378, 6814090, 2.3656468, 0.3293, 43.81628, 26.77043, 100.7, 7.02, 45.52272, -122.68425
$2021-07-13 21:27:07, 7234177, 6813911, 2.3657827, 0.3947, 43.81628, 26.77043, 100.7, 7.02, 45.52262, -122.68432
$2021-07-13 21:27:09, 7233996, 6813749, 2.3659296, 0.4282, 43.76440, 26.77043, 100.4, 7.02, 45.52262, -122.68432
$2021-07-13 21:27:11, 7233788, 6813563, 2.3659749, 0.1316, 43.77813, 26.77043, 100.7, 7.02, 45.52262, -122.68432
$2021-07-13 21:27:13, 7233602, 6813393, 2.3659635, -0.0332, 43.81933, 26.78378, 100.7, 7.02, 45.52262, -122.68432
$2021-07-13 21:27:15, 7233401, 6813200, 2.3659749, 0.0334, 43.77966, 26.79713, 100.4, 7.02, 45.52262, -122.68432
$2021-07-13 21:27:17, 7233238, 6813053, 2.3660312, 0.1633, 43.77966, 26.78378, 100.7, 7.02, 45.52262, -122.68432
$2021-07-13 21:27:19, 7233045, 6812878, 2.3661103, 0.2303, 43.83459, 26.81316, 100.7, 7.02, 45.52262, -122.68432
$2021-07-13 21:27:21, 7232863, 6812721, 2.3661556, 0.1315, 43.79644, 26.81316, 100.7, 7.02, 45.52262, -122.68432
$2021-07-13 21:27:23, 7232677, 6812582, 2.3660874, -0.1981, 43.79339, 26.78378, 100.7, 7.02, 45.52262, -122.68432
$2021-07-13 21:27:25, 7232507, 6812375, 2.3660536, -0.0984, 43.74609, 26.81316, 100.7, 7.02, 45.52262, -122.68432
$2021-07-13 21:27:27, 7232330, 6812226, 2.3661556, 0.2962, 43.73236, 26.79713, 100.7, 7.02, 45.52270, -122.68434
$2021-07-13 21:27:29, 7232139, 6812055, 2.3663254, 0.4935, 43.75677, 26.81316, 100.7, 7.02, 45.52270, -122.68434
$2021-07-13 21:27:31, 7231943, 6811864, 2.3664269, 0.2977, 43.75677, 26.81316, 100.7, 7.02, 45.52270, -122.68434
$2021-07-13 21:27:33, 7231783, 6811714, 2.3664947, 0.1976, 43.74304, 26.79713, 100.7, 7.02, 45.52270, -122.68434
$2021-07-13 21:27:35, 7231611, 6811574, 2.3666077, 0.3279, 43.73388, 26.81316, 100.7, 7.02, 45.52270, -122.68434
$2021-07-13 21:27:37, 7231450, 6811434, 2.3665853, -0.0656, 43.74304, 26.79713, 100.4, 7.02, 45.52270, -122.68442
$2021-07-13 21:27:39, 7231277, 6811316, 2.3664041, -0.5325, 43.75525, 26.79713, 100.4, 7.02, 45.52270, -122.68442
$2021-07-13 21:27:41, 7231123, 6811169, 2.3661556, -0.7220, 43.67895, 26.79713, 100.7, 7.02, 45.52270, -122.68442
$2021-07-13 21:27:43, 7230949, 6811018, 2.3659520, -0.5933, 43.70947, 26.82651, 100.4, 7.02, 45.52270, -122.68442
$2021-07-13 21:27:45, 7230772, 6810846, 2.3659182, -0.0987, 43.70489, 26.79713, 100.4, 7.02, 45.52270, -122.68442
$2021-07-13 21:27:47, 7230620, 6810699, 2.3659973, 0.2316, 43.68200, 26.81316, 100.7, 7.02, 45.52270, -122.68441
$2021-07-13 21:27:49, 7230451, 6810547, 2.3660765, 0.2314, 43.66980, 26.82651, 100.7, 7.02, 45.52270, -122.68441
$2021-07-13 21:27:51, 7230282, 6810399, 2.3661103, 0.0984, 43.70642, 26.81316, 100.7, 7.02, 45.52270, -122.68441
$2021-07-13 21:27:53, 7230162, 6810246, 2.3662119, 0.2952, 43.64233, 26.82651, 100.7, 7.02, 45.52270, -122.68441
$2021-07-13 21:27:55, 7229977, 6810097, 2.3664160, 0.5930, 43.74762, 26.82651, 100.7, 7.02, 45.52270, -122.68441
$2021-07-13 21:27:57, 7229839, 6809982, 2.3665285, 0.3267, 43.70642, 26.81316, 100.7, 7.02, 45.52273, -122.68441
$2021-07-13 21:27:59, 7229670, 6809827, 2.3665285, 0.0000, 43.71099, 26.85321, 100.4, 7.02, 45.52273, -122.68441
$2021-07-13 21:28:01, 7229517, 6809697, 2.3664722, -0.1637, 43.69726, 26.83986, 100.7, 7.02, 45.52273, -122.68441
$2021-07-13 21:28:03, 7229364, 6809562, 2.3664384, -0.0983, 43.68658, 26.85321, 100.7, 7.02, 45.52273, -122.68441
$2021-07-13 21:28:05, 7229215, 6809438, 2.3663702, -0.1997, 43.64233, 26.81316, 100.7, 7.02, 45.52273, -122.68441
$2021-07-13 21:28:07, 7229065, 6809308, 2.3662796, -0.2657, 43.65454, 26.81316, 100.4, 7.02, 45.52273, -122.68441
$2021-07-13 21:28:09, 7228897, 6809157, 2.3661895, -0.2618, 43.62249, 26.83986, 100.7, 7.02, 45.52273, -122.68441
$2021-07-13 21:28:11, 7228762, 6809015, 2.3661895, 0.0000, 43.67285, 26.85321, 100.7, 7.02, 45.52273, -122.68441
$2021-07-13 21:28:13, 7228627, 6808886, 2.3663139, 0.3637, 43.58129, 26.82651, 100.7, 7.02, 45.52273, -122.68441
$2021-07-13 21:28:15, 7228475, 6808767, 2.3664269, 0.3286, 43.59502, 26.83986, 100.7, 7.02, 45.52273, -122.68441
$2021-07-13 21:28:17, 7228351, 6808668, 2.3663821, -0.1301, 43.60570, 26.81316, 100.7, 7.02, 45.52273, -122.68441
$2021-07-13 21:28:19, 7228182, 6808559, 2.3661218, -0.7588, 43.58282, 26.83986, 100.4, 7.02, 45.52283, -122.68441
$2021-07-13 21:28:21, 7228039, 6808405, 2.3657937, -0.9543, 43.59502, 26.83986, 100.7, 7.02, 45.52283, -122.68441
$2021-07-13 21:28:23, 7227901, 6808245, 2.3657036, -0.2618, 43.53094, 26.83986, 100.7, 7.02, 45.52283, -122.68441
$2021-07-13 21:28:25, 7227753, 6808147, 2.3658166, 0.3281, 43.54467, 26.85321, 100.7, 7.02, 45.52283, -122.68441
$2021-07-13 21:28:27, 7227633, 6808022, 2.3659182, 0.2953, 43.54620, 26.86923, 100.7, 7.02, 45.52283, -122.68441
$2021-07-13 21:28:29, 7227497, 6807901, 2.3658957, -0.0651, 43.54162, 26.83986, 100.7, 7.02, 45.52284, -122.68441
$2021-07-13 21:28:31, 7227358, 6807773, 2.3659067, 0.0319, 43.52178, 26.86923, 100.7, 7.02, 45.52284, -122.68441
$2021-07-13 21:28:33, 7227233, 6807657, 2.3659520, 0.1316, 43.54467, 26.85321, 100.7, 7.02, 45.52284, -122.68441
$2021-07-13 21:28:35, 7227102, 6807552, 2.3659410, -0.0318, 43.58282, 26.85321, 100.7, 7.02, 45.52284, -122.68441
$2021-07-13 21:28:37, 7226963, 6807430, 2.3659067, -0.0996, 43.54467, 26.85321, 100.7, 7.02, 45.52284, -122.68441
$2021-07-13 21:28:39, 7226858, 6807337, 2.3658051, -0.2965, 43.55535, 26.83986, 100.4, 7.02, 45.52284, -122.68441
$2021-07-13 21:28:41, 7226713, 6807223, 2.3657260, -0.2301, 43.58282, 26.85321, 100.7, 7.02, 45.52284, -122.68441
$2021-07-13 21:28:43, 7226603, 6807107, 2.3656583, -0.1981, 43.59960, 26.86923, 100.7, 7.02, 45.52284, -122.68441
$2021-07-13 21:28:45, 7226496, 6806990, 2.3657146, 0.1584, 43.58282, 26.83986, 100.7, 7.02, 45.52284, -122.68441
$2021-07-13 21:28:47, 7226370, 6806850, 2.3659296, 0.6299, 43.58739, 26.88258, 100.7, 7.02, 45.52284, -122.68441
$2021-07-13 21:28:49, 7226243, 6806740, 2.3662119, 0.8264, 43.57213, 26.86923, 100.4, 7.02, 45.52269, -122.68432
$2021-07-13 21:28:51, 7226124, 6806635, 2.3663931, 0.5265, 43.58739, 26.88258, 100.7, 7.02, 45.52269, -122.68432
$2021-07-13 21:28:53, 7225999, 6806509, 2.3664608, 0.1968, 43.63317, 26.85321, 100.7, 7.02, 45.52269, -122.68432
$2021-07-13 21:28:55, 7225881, 6806398, 2.3665061, 0.1315, 43.59960, 26.88258, 100.7, 7.02, 45.52269, -122.68432
$2021-07-13 21:28:57, 7225770, 6806281, 2.3666420, 0.3950, 43.59655, 26.85321, 100.7, 7.02, 45.52269, -122.68432
$2021-07-13 21:28:59, 7225646, 6806153, 2.3668113, 0.4903, 43.59960, 26.88258, 100.7, 7.02, 45.52280, -122.68444
$2021-07-13 21:29:01, 7225543, 6806072, 2.3669696, 0.4614, 43.61028, 26.86923, 100.7, 7.02, 45.52280, -122.68444
$2021-07-13 21:29:03, 7225432, 6805990, 2.3669696, 0.0000, 43.61028, 26.86923, 100.7, 7.02, 45.52280, -122.68444
$2021-07-13 21:29:05, 7225307, 6805839, 2.3669133, -0.1635, 43.61333, 26.88258, 100.7, 7.02, 45.52280, -122.68444
$2021-07-13 21:29:07, 7225203, 6805743, 2.3669920, 0.2294, 43.57366, 26.88258, 100.4, 7.02, 45.52280, -122.68444
$2021-07-13 21:29:09, 7225095, 6805651, 2.3671842, 0.5578, 43.59655, 26.85321, 100.7, 7.02, 45.52281, -122.68445
$2021-07-13 21:29:11, 7224969, 6805542, 2.3672299, 0.1331, 43.58587, 26.86923, 100.7, 7.02, 45.52281, -122.68445
$2021-07-13 21:29:13, 7224867, 6805429, 2.3672071, -0.0665, 43.59960, 26.86923, 100.7, 7.02, 45.52281, -122.68445
$2021-07-13 21:29:15, 7224754, 6805320, 2.3672638, 0.1650, 43.59960, 26.88258, 100.7, 7.02, 45.52281, -122.68445
$2021-07-13 21:29:17, 7224631, 6805216, 2.3674107, 0.4296, 43.53551, 26.88258, 100.7, 7.02, 45.52281, -122.68445
$2021-07-13 21:29:19, 7224553, 6805147, 2.3674555, 0.1292, 43.58739, 26.89594, 100.7, 7.02, 45.52295, -122.68454
$2021-07-13 21:29:21, 7224433, 6805015, 2.3675122, 0.1649, 43.61028, 26.86923, 100.7, 7.02, 45.52295, -122.68454
$2021-07-13 21:29:23, 7224303, 6804900, 2.3676138, 0.2950, 43.59960, 26.88258, 100.7, 7.02, 45.52295, -122.68454
$2021-07-13 21:29:25, 7224202, 6804823, 2.3677044, 0.2635, 43.53704, 26.90929, 100.7, 7.02, 45.52295, -122.68454
$2021-07-13 21:29:27, 7224123, 6804728, 2.3677154, 0.0318, 43.57671, 26.89594, 100.7, 7.02, 45.52295, -122.68454
$2021-07-13 21:29:29, 7224001, 6804614, 2.3677611, 0.1336, 43.55993, 26.88258, 100.4, 7.02, 45.52295, -122.68454
$2021-07-13 21:29:31, 7223870, 6804511, 2.3678517, 0.2629, 43.60113, 26.89594, 100.7, 7.02, 45.52295, -122.68454
$2021-07-13 21:29:33, 7223765, 6804422, 2.3678288, -0.0665, 43.56298, 26.89594, 100.7, 7.02, 45.52295, -122.68454
$2021-07-13 21:29:35, 7223687, 6804314, 2.3678179, -0.0319, 43.58739, 26.89594, 100.7, 7.02, 45.52295, -122.68454
$2021-07-13 21:29:37, 7223587, 6804206, 2.3679872, 0.4921, 43.54925, 26.89594, 100.7, 7.02, 45.52295, -122.68454
$2021-07-13 21:29:39, 7223472, 6804115, 2.3682470, 0.7541, 43.58739, 26.89594, 100.7, 7.02, 45.52295, -122.68454
$2021-07-13 21:29:41, 7223347, 6804014, 2.3683376, 0.2642, 43.54925, 26.89594, 100.4, 7.02, 45.52293, -122.68455
$2021-07-13 21:29:43, 7223280, 6803919, 2.3683376, 0.0000, 43.56451, 26.90929, 100.7, 7.02, 45.52293, -122.68455
$2021-07-13 21:29:45, 7223158, 6803833, 2.3683829, 0.1315, 43.57366, 26.88258, 100.7, 7.02, 45.52293, -122.68455
$2021-07-13 21:29:47, 7223093, 6803738, 2.3685184, 0.3955, 43.57824, 26.92531, 100.7, 7.02, 45.52293, -122.68455
$2021-07-13 21:29:49, 7222981, 6803634, 2.3686538, 0.3964, 43.52331, 26.89594, 100.7, 7.02, 45.52293, -122.68455
$2021-07-13 21:29:51, 7222869, 6803554, 2.3687673, 0.3296, 43.55382, 26.92531, 100.7, 7.02, 45.52291, -122.68454
$2021-07-13 21:29:53, 7222765, 6803450, 2.3687782, 0.0319, 43.51263, 26.90929, 100.7, 7.02, 45.52291, -122.68454
$2021-07-13 21:29:55, 7222670, 6803354, 2.3687673, -0.0319, 43.56298, 26.89594, 100.4, 7.01, 45.52291, -122.68454
$2021-07-13 21:29:57, 7222583, 6803274, 2.3688235, 0.1646, 43.54925, 26.89594, 100.7, 7.02, 45.52291, -122.68454
$2021-07-13 21:29:59, 7222476, 6803169, 2.3689141, 0.2659, 43.52331, 26.89594, 100.4, 7.02, 45.52291, -122.68454
$2021-07-13 21:30:01, 7222376, 6803074, 2.3689818, 0.1964, 43.50957, 26.88258, 100.7, 7.02, 45.52316, -122.68484
$2021-07-13 21:30:03, 7222285, 6802988, 2.3690271, 0.1318, 43.52788, 26.92531, 100.7, 7.02, 45.52316, -122.68484
$2021-07-13 21:30:05, 7222191, 6802890, 2.3691173, 0.2617, 43.49889, 26.89594, 100.7, 7.02, 45.52316, -122.68484
$2021-07-13 21:30:07, 7222091, 6802826, 2.3691630, 0.1331, 43.48974, 26.90929, 100.7, 7.02, 45.52316, -122.68484
$2021-07-13 21:30:09, 7221996, 6802701, 2.3691740, 0.0319, 43.53094, 26.95201, 100.4, 7.01, 45.52316, -122.68484
$2021-07-13 21:30:11, 7221888, 6802619, 2.3692756, 0.2950, 43.51415, 26.92531, 100.7, 7.02, 45.52316, -122.68484
$2021-07-13 21:30:13, 7221778, 6802539, 2.3693438, 0.1981, 43.51415, 26.92531, 100.7, 7.01, 45.52316, -122.68484
$2021-07-13 21:30:15, 7221662, 6802448, 2.3692532, -0.2653, 43.50042, 26.92531, 100.7, 7.01, 45.52316, -122.68484
$2021-07-13 21:30:17, 7221569, 6802341, 2.3691173, -0.3968, 43.52788, 26.93866, 100.7, 7.01, 45.52316, -122.68484
$2021-07-13 21:30:19, 7221470, 6802249, 2.3691511, 0.0986, 43.47753, 26.92531, 100.4, 7.02, 45.52316, -122.68484
$2021-07-13 21:30:21, 7221371, 6802152, 2.3692875, 0.3929, 43.49126, 26.93866, 100.7, 7.02, 45.52296, -122.68447
$2021-07-13 21:30:23, 7221276, 6802076, 2.3694000, 0.3295, 43.45312, 26.95201, 100.7, 7.01, 45.52296, -122.68447
$2021-07-13 21:30:25, 7221190, 6802012, 2.3694000, 0.0000, 43.49432, 26.95201, 100.4, 7.02, 45.52296, -122.68447
$2021-07-13 21:30:27, 7221081, 6801899, 2.3693662, -0.0986, 43.48974, 26.92531, 100.4, 7.01, 45.52296, -122.68447
$2021-07-13 21:30:29, 7220998, 6801817, 2.3693776, 0.0333, 43.47753, 26.93866, 100.7, 7.02, 45.52296, -122.68447
$2021-07-13 21:30:32, 7220913, 6801726, 2.3695135, 0.3949, 43.50042, 26.92531, 100.7, 7.02, 45.52294, -122.68445
$2021-07-13 21:30:34, 7220802, 6801651, 2.3696036, 0.2617, 43.46685, 26.93866, 100.7, 7.02, 45.52294, -122.68445
$2021-07-13 21:30:36, 7220677, 6801560, 2.3695245, -0.2303, 43.46838, 26.96536, 100.4, 7.01, 45.52294, -122.68445
$2021-07-13 21:30:38, 7220617, 6801480, 2.3694000, -0.3636, 43.51720, 26.93866, 100.4, 7.01, 45.52294, -122.68445
$2021-07-13 21:30:40, 7220516, 6801366, 2.3694339, 0.0983, 43.45312, 26.93866, 100.7, 7.01, 45.52294, -122.68445
$2021-07-13 21:30:42, 7220433, 6801282, 2.3696942, 0.7570, 43.47753, 26.93866, 100.7, 7.01, 45.52284, -122.68447
$2021-07-13 21:30:44, 7220326, 6801190, 2.3698974, 0.5903, 43.48211, 26.96536, 100.7, 7.01, 45.52284, -122.68447
$2021-07-13 21:30:46, 7220251, 6801092, 2.3700671, 0.4949, 43.46685, 26.95201, 100.4, 7.01, 45.52284, -122.68447
$2021-07-13 21:30:48, 7220132, 6801003, 2.3702140, 0.4268, 43.43938, 26.95201, 100.7, 7.01, 45.52284, -122.68447
$2021-07-13 21:30:50, 7220017, 6800900, 2.3702817, 0.1972, 43.50347, 26.93866, 100.4, 7.01, 45.52284, -122.68447
$2021-07-13 21:30:52, 7219934, 6800800, 2.3703160, 0.1007, 43.47753, 26.93866, 100.7, 7.01, 45.52285, -122.68447
$2021-07-13 21:30:54, 7219837, 6800701, 2.3704176, 0.2971, 43.41192, 26.96536, 100.4, 7.01, 45.52285, -122.68447
$2021-07-13 21:30:56, 7219743, 6800616, 2.3706098, 0.5584, 43.42565, 26.95201, 100.7, 7.01, 45.52285, -122.68447
$2021-07-13 21:30:58, 7219649, 6800535, 2.3707681, 0.4596, 43.41192, 26.96536, 100.7, 7.01, 45.52285, -122.68447
$2021-07-13 21:31:00, 7219538, 6800429, 2.3708019, 0.0983, 43.39361, 26.92531, 100.7, 7.01, 45.52285, -122.68447
$2021-07-13 21:31:02, 7219416, 6800326, 2.3708134, 0.0334, 43.42718, 26.96536, 100.4, 7.01, 45.52285, -122.68447
$2021-07-13 21:31:04, 7219347, 6800233, 2.3709035, 0.2624, 43.45312, 26.95201, 100.4, 7.01, 45.52299, -122.68454
$2021-07-13 21:31:06, 7219261, 6800143, 2.3710957, 0.5606, 43.42718, 26.96536, 100.4, 7.01, 45.52299, -122.68454
$2021-07-13 21:31:08, 7219137, 6800050, 2.3712883, 0.5591, 43.44091, 26.96536, 100.7, 7.01, 45.52299, -122.68454
$2021-07-13 21:31:10, 7219065, 6799953, 2.3714237, 0.3935, 43.38140, 26.95201, 100.7, 7.01, 45.52299, -122.68454
$2021-07-13 21:31:12, 7218966, 6799882, 2.3714690, 0.1321, 43.42565, 26.95201, 100.4, 7.01, 45.52299, -122.68454
$2021-07-13 21:31:14, 7218870, 6799789, 2.3714914, 0.0651, 43.42718, 26.96536, 100.7, 7.01, 45.52299, -122.68454
$2021-07-13 21:31:16, 7218764, 6799691, 2.3714914, 0.0000, 43.42565, 26.95201, 100.4, 7.01, 45.52299, -122.68454
$2021-07-13 21:31:18, 7218698, 6799638, 2.3714805, -0.0321, 43.39818, 26.96536, 100.4, 7.01, 45.52299, -122.68454
$2021-07-13 21:31:20, 7218596, 6799573, 2.3714128, -0.1975, 43.39818, 26.96536, 100.7, 7.01, 45.52299, -122.68454
$2021-07-13 21:31:22, 7218485, 6799457, 2.3712883, -0.3647, 43.44396, 26.98138, 100.4, 7.01, 45.52299, -122.68454
$2021-07-13 21:31:24, 7218383, 6799382, 2.3711748, -0.3304, 43.41344, 26.98138, 100.4, 7.01, 45.52300, -122.68461
$2021-07-13 21:31:26, 7218310, 6799328, 2.3711071, -0.1976, 43.41344, 26.98138, 100.4, 7.01, 45.52300, -122.68461
$2021-07-13 21:31:28, 7218212, 6799215, 2.3710279, -0.2321, 43.45464, 26.96536, 100.7, 7.01, 45.52300, -122.68461
$2021-07-13 21:31:30, 7218112, 6799114, 2.3710847, 0.1652, 43.37224, 26.96536, 100.7, 7.01, 45.52300, -122.68461
$2021-07-13 21:31:32, 7218015, 6799010, 2.3712654, 0.5272, 43.41650, 26.99474, 100.4, 7.01, 45.52300, -122.68461
$2021-07-13 21:31:34, 7217905, 6798930, 2.3714347, 0.4937, 43.38598, 26.98138, 100.4, 7.01, 45.52300, -122.68461
$2021-07-13 21:31:36, 7217837, 6798853, 2.3715029, 0.1986, 43.38445, 26.96536, 100.4, 7.01, 45.52300, -122.68461
$2021-07-13 21:31:38, 7217741, 6798772, 2.3714914, -0.0333, 43.44396, 26.98138, 100.7, 7.01, 45.52300, -122.68461
$2021-07-13 21:31:40, 7217658, 6798687, 2.3715143, 0.0667, 43.42718, 26.98138, 100.4, 7.01, 45.52300, -122.68461
$2021-07-13 21:31:42, 7217566, 6798618, 2.3715711, 0.1654, 43.36309, 27.00809, 100.4, 7.01, 45.52300, -122.68461
$2021-07-13 21:31:44, 7217471, 6798539, 2.3715482, -0.0665, 43.38445, 26.96536, 100.7, 7.01, 45.52304, -122.68468
$2021-07-13 21:31:46, 7217401, 6798456, 2.3715143, -0.0987, 43.36156, 26.98138, 100.4, 7.01, 45.52304, -122.68468
$2021-07-13 21:31:48, 7217315, 6798379, 2.3715591, 0.1307, 43.33410, 26.99474, 100.4, 7.01, 45.52304, -122.68468
$2021-07-13 21:31:50, 7217225, 6798311, 2.3715930, 0.0995, 43.31731, 26.98138, 100.4, 7.01, 45.52304, -122.68468
$2021-07-13 21:31:52, 7217146, 6798218, 2.3716273, 0.1002, 43.30663, 26.99474, 100.4, 7.01, 45.52304, -122.68468
$2021-07-13 21:31:54, 7217053, 6798151, 2.3716836, 0.1647, 43.26238, 26.99474, 100.4, 7.01, 45.52304, -122.68468
$2021-07-13 21:31:56, 7216947, 6798051, 2.3716836, 0.0000, 43.26086, 26.96536, 100.4, 7.01, 45.52304, -122.68468
$2021-07-13 21:31:58, 7216852, 6797974, 2.3716388, -0.1308, 43.27611, 26.99474, 100.4, 7.01, 45.52304, -122.68468
$2021-07-13 21:32:00, 7216767, 6797882, 2.3715930, -0.1333, 43.29290, 27.00809, 100.4, 7.01, 45.52304, -122.68468
$2021-07-13 21:32:02, 7216684, 6797802, 2.3716726, 0.2313, 43.33562, 27.00809, 100.7, 7.01, 45.52304, -122.68468
$2021-07-13 21:32:04, 7216616, 6797713, 2.3718534, 0.5315, 43.33410, 26.99474, 100.4, 7.01, 45.52299, -122.68459
$2021-07-13 21:32:06, 7216513, 6797621, 2.3720903, 0.6913, 43.27917, 27.00809, 100.7, 7.01, 45.52299, -122.68459
$2021-07-13 21:32:08, 7216430, 6797558, 2.3722377, 0.4292, 43.26238, 26.99474, 100.4, 7.01, 45.52299, -122.68459
$2021-07-13 21:32:10, 7216335, 6797481, 2.3722148, -0.0668, 43.30663, 26.99474, 100.4, 7.01, 45.52299, -122.68459
$2021-07-13 21:32:12, 7216275, 6797408, 2.3721585, -0.1634, 43.29290, 27.00809, 100.7, 7.01, 45.52299, -122.68459
$2021-07-13 21:32:14, 7216189, 6797340, 2.3722038, 0.1285, 43.34936, 27.00809, 100.4, 7.01, 45.52299, -122.68459
$2021-07-13 21:32:16, 7216123, 6797250, 2.3723283, 0.3639, 43.31731, 26.98138, 100.4, 7.01, 45.52299, -122.68459
$2021-07-13 21:32:18, 7216034, 6797177, 2.3724637, 0.3947, 43.34783, 26.99474, 100.4, 7.01, 45.52299, -122.68459
$2021-07-13 21:32:20, 7215960, 6797087, 2.3726220, 0.4614, 43.27917, 27.00809, 100.4, 7.01, 45.52299, -122.68459
$2021-07-13 21:32:22, 7215885, 6797022, 2.3727579, 0.3958, 43.30663, 27.00809, 100.4, 7.01, 45.52299, -122.68459
$2021-07-13 21:32:24, 7215791, 6796948, 2.3728366, 0.2303, 43.26543, 27.00809, 100.4, 7.01, 45.52299, -122.68459
$2021-07-13 21:32:26, 7215730, 6796893, 2.3728142, -0.0635, 43.24865, 26.99474, 100.4, 7.01, 45.52289, -122.68455
$2021-07-13 21:32:28, 7215686, 6796844, 2.3727689, -0.1317, 43.26543, 27.00809, 100.7, 7.01, 45.52289, -122.68455
$2021-07-13 21:32:30, 7215596, 6796767, 2.3728027, 0.0983, 43.25170, 27.02144, 100.7, 7.01, 45.52289, -122.68455
$2021-07-13 21:32:32, 7215526, 6796679, 2.3729043, 0.2964, 43.26238, 26.99474, 100.4, 7.01, 45.52289, -122.68455
$2021-07-13 21:32:34, 7215412, 6796605, 2.3729839, 0.2321, 43.28069, 27.02144, 100.4, 7.01, 45.52289, -122.68455
$2021-07-13 21:32:36, 7215364, 6796563, 2.3729610, -0.0667, 43.23949, 27.03746, 100.4, 7.01, 45.52289, -122.68455
$2021-07-13 21:32:38, 7215299, 6796490, 2.3729043, -0.1654, 43.22423, 26.99474, 100.4, 7.01, 45.52289, -122.68455
$2021-07-13 21:32:40, 7215228, 6796444, 2.3728933, -0.0320, 43.18304, 27.00809, 100.4, 7.01, 45.52289, -122.68455
$2021-07-13 21:32:42, 7215147, 6796361, 2.3729043, 0.0320, 43.13879, 27.00809, 100.4, 7.01, 45.52289, -122.68455
$2021-07-13 21:32:44, 7215055, 6796255, 2.3729043, 0.0000, 43.16930, 27.00809, 100.4, 7.01, 45.52289, -122.68455
$2021-07-13 21:32:46, 7214950, 6796160, 2.3730288, 0.3642, 43.15557, 27.00809, 100.7, 7.01, 45.52291, -122.68448
$2021-07-13 21:32:48, 7214875, 6796102, 2.3731422, 0.3303, 43.18456, 27.02144, 100.4, 7.01, 45.52291, -122.68448
$2021-07-13 21:32:50, 7214783, 6796017, 2.3731308, -0.0335, 43.09759, 27.00809, 100.4, 7.01, 45.52291, -122.68448
$2021-07-13 21:32:52, 7214718, 6795951, 2.3731084, -0.0655, 43.16930, 27.02144, 100.4, 7.01, 45.52291, -122.68448
$2021-07-13 21:32:54, 7214658, 6795884, 2.3731647, 0.1571, 43.19677, 27.00809, 100.4, 7.01, 45.52291, -122.68448
$2021-07-13 21:32:56, 7214599, 6795813, 2.3733230, 0.4647, 43.15557, 27.00809, 100.4, 7.01, 45.52291, -122.68450
$2021-07-13 21:32:58, 7214513, 6795726, 2.3735261, 0.5912, 43.15557, 27.00809, 100.4, 7.01, 45.52291, -122.68450
$2021-07-13 21:33:00, 7214441, 6795667, 2.3736620, 0.3964, 43.18456, 27.03746, 100.4, 7.01, 45.52291, -122.68450
$2021-07-13 21:33:02, 7214363, 6795598, 2.3737183, 0.1639, 43.11437, 27.02144, 100.4, 7.01, 45.52291, -122.68450
$2021-07-13 21:33:04, 7214285, 6795533, 2.3736844, -0.0988, 43.15557, 27.00809, 100.4, 7.01, 45.52291, -122.68450
$2021-07-13 21:33:06, 7214202, 6795481, 2.3735600, -0.3625, 43.16930, 27.00809, 100.4, 7.01, 45.52289, -122.68454
$2021-07-13 21:33:08, 7214142, 6795398, 2.3734474, -0.3279, 43.18456, 27.02144, 100.4, 7.01, 45.52289, -122.68454
$2021-07-13 21:33:10, 7214101, 6795342, 2.3734813, 0.0987, 43.21203, 27.02144, 100.4, 7.01, 45.52289, -122.68454
$2021-07-13 21:33:12, 7214031, 6795276, 2.3736844, 0.5928, 43.15557, 27.00809, 100.4, 7.01, 45.52289, -122.68454
$2021-07-13 21:33:14, 7213970, 6795216, 2.3738656, 0.5276, 43.23797, 27.02144, 100.4, 7.01, 45.52289, -122.68454
$2021-07-13 21:33:26, 7213614, 6794826, 2.3748150, 0.7560, 43.18456, 27.03746, 100.4, 7.01, 45.52280, -122.68429
$2021-07-13 21:33:28, 7213567, 6794761, 2.3750186, 0.5942, 43.19829, 27.02144, 100.4, 7.01, 45.52280, -122.68429
$2021-07-13 21:33:30, 7213488, 6794711, 2.3751202, 0.2962, 43.21508, 27.03746, 100.4, 7.01, 45.52280, -122.68429
$2021-07-13 21:33:32, 7213412, 6794640, 2.3751316, 0.0334, 43.14184, 27.02144, 100.4, 7.01, 45.52280, -122.68429
$2021-07-13 21:33:34, 7213350, 6794568, 2.3751202, -0.0334, 43.19829, 27.02144, 100.4, 7.01, 45.52280, -122.68429
$2021-07-13 21:33:36, 7213288, 6794510, 2.3751540, 0.0974, 43.20135, 27.03746, 100.4, 7.01, 45.52280, -122.68429
$2021-07-13 21:33:38, 7213242, 6794402, 2.3753686, 0.6255, 43.19829, 27.02144, 100.4, 7.01, 45.52280, -122.68429
$2021-07-13 21:33:40, 7213172, 6794317, 2.3757873, 1.2212, 43.19829, 27.02144, 100.4, 7.01, 45.52280, -122.68429
$2021-07-13 21:33:42, 7213127, 6794284, 2.3762169, 1.2515, 43.18456, 27.03746, 100.4, 7.01, 45.52280, -122.68429
$2021-07-13 21:33:44, 7213079, 6794223, 2.3765106, 0.8570, 43.18456, 27.03746, 100.4, 7.01, 45.52280, -122.68429
$2021-07-13 21:33:46, 7213026, 6794184, 2.3765898, 0.2305, 43.14184, 27.02144, 100.4, 7.01, 45.52280, -122.68429
$2021-07-13 21:33:48, 7212971, 6794112, 2.3766689, 0.2309, 43.20135, 27.05081, 100.4, 7.01, 45.52288, -122.68441
$2021-07-13 21:33:50, 7212909, 6794050, 2.3768163, 0.4294, 43.24255, 27.05081, 100.4, 7.01, 45.52288, -122.68441
$2021-07-13 21:33:52, 7212833, 6794009, 2.3768950, 0.2284, 43.17083, 27.03746, 100.7, 7.01, 45.52288, -122.68441
$2021-07-13 21:33:54, 7212776, 6793981, 2.3767824, -0.3283, 43.17388, 27.05081, 100.4, 7.01, 45.52288, -122.68441
$2021-07-13 21:33:57, 7212713, 6793900, 2.3765898, -0.5474, 43.18761, 27.05081, 100.4, 7.01, 45.52288, -122.68441
$2021-07-13 21:33:59, 7212656, 6793828, 2.3766122, 0.0654, 43.22881, 27.03746, 100.4, 7.01, 45.52297, -122.68447
$2021-07-13 21:34:01, 7212602, 6793755, 2.3768501, 0.6987, 43.19829, 27.02144, 100.4, 7.01, 45.52297, -122.68447
$2021-07-13 21:34:03, 7212569, 6793702, 2.3771777, 0.9598, 43.17388, 27.05081, 100.4, 7.01, 45.52297, -122.68447
$2021-07-13 21:34:05, 7212530, 6793663, 2.3774829, 0.8899, 43.15710, 27.03746, 100.4, 7.01, 45.52297, -122.68447
$2021-07-13 21:34:07, 7212443, 6793589, 2.3776865, 0.5940, 43.24255, 27.05081, 100.4, 7.01, 45.52297, -122.68447
$2021-07-13 21:34:09, 7212344, 6793506, 2.3777204, 0.0987, 43.14336, 27.03746, 100.4, 7.01, 45.52296, -122.68447
$2021-07-13 21:34:11, 7212303, 6793477, 2.3776636, -0.1654, 43.15710, 27.03746, 100.4, 7.01, 45.52296, -122.68447
$2021-07-13 21:34:13, 7212253, 6793414, 2.3776073, -0.1639, 43.12963, 27.05081, 100.4, 7.01, 45.52296, -122.68447
$2021-07-13 21:34:15, 7212194, 6793357, 2.3776636, 0.1641, 43.16015, 27.05081, 100.4, 7.01, 45.52296, -122.68447
$2021-07-13 21:34:17, 7212147, 6793296, 2.3778219, 0.4601, 43.15710, 27.03746, 100.4, 7.01, 45.52296, -122.68447
$2021-07-13 21:34:19, 7212112, 6793252, 2.3780031, 0.5297, 43.14336, 27.03746, 100.4, 7.01, 45.52296, -122.68447
$2021-07-13 21:34:21, 7212065, 6793203, 2.3782063, 0.5919, 43.16015, 27.05081, 100.4, 7.01, 45.52296, -122.68447
$2021-07-13 21:34:23, 7212013, 6793174, 2.3782969, 0.2658, 43.16930, 27.02144, 100.4, 7.01, 45.52296, -122.68447
$2021-07-13 21:34:25, 7211940, 6793126, 2.3782401, -0.1662, 43.14641, 27.06416, 100.4, 7.01, 45.52296, -122.68447
$2021-07-13 21:34:27, 7211882, 6793063, 2.3780932, -0.4288, 43.20287, 27.06416, 100.4, 7.01, 45.52296, -122.68447
$2021-07-13 21:34:29, 7211834, 6792987, 2.3780708, -0.0659, 43.18914, 27.06416, 100.4, 7.01, 45.52296, -122.68447
$2021-07-13 21:34:31, 7211789, 6792926, 2.3783307, 0.7603, 43.14336, 27.03746, 100.4, 7.01, 45.52296, -122.68447
$2021-07-13 21:34:33, 7211714, 6792860, 2.3786249, 0.8571, 43.13268, 27.06416, 100.4, 7.01, 45.52296, -122.68447
$2021-07-13 21:34:35, 7211678, 6792817, 2.3788166, 0.5576, 43.10216, 27.05081, 100.7, 7.01, 45.52296, -122.68447
$2021-07-13 21:34:37, 7211638, 6792782, 2.3789296, 0.3292, 43.12963, 27.05081, 100.4, 7.01, 45.52296, -122.68447
$2021-07-13 21:34:39, 7211573, 6792696, 2.3790317, 0.2977, 43.12963, 27.05081, 100.4, 7.01, 45.52296, -122.68447
$2021-07-13 21:34:41, 7211539, 6792632, 2.3792806, 0.7258, 43.12963, 27.05081, 100.4, 7.01, 45.52296, -122.68447
$2021-07-13 21:34:43, 7211477, 6792586, 2.3795853, 0.8849, 43.17541, 27.06416, 100.7, 7.01, 45.52296, -122.68447
$2021-07-13 21:34:45, 7211401, 6792542, 2.3797436, 0.4614, 43.09148, 27.05081, 100.4, 7.01, 45.52296, -122.68447
$2021-07-13 21:34:47, 7211346, 6792500, 2.3796196, -0.3606, 43.12047, 27.07752, 100.4, 7.01, 45.52296, -122.68447
$2021-07-13 21:34:49, 7211283, 6792451, 2.3794270, -0.5497, 43.12963, 27.05081, 100.7, 7.01, 45.52303, -122.68463
$2021-07-13 21:34:51, 7211252, 6792405, 2.3793254, -0.2973, 43.13268, 27.06416, 100.7, 7.01, 45.52303, -122.68463
$2021-07-13 21:34:53, 7211191, 6792344, 2.3793707, 0.1324, 43.06401, 27.06416, 100.7, 7.01, 45.52303, -122.68463
$2021-07-13 21:34:55, 7211160, 6792318, 2.3794723, 0.2978, 43.12963, 27.05081, 100.4, 7.01, 45.52303, -122.68463
$2021-07-13 21:34:57, 7211130, 6792293, 2.3795176, 0.1321, 43.07775, 27.05081, 100.4, 7.01, 45.52303, -122.68463
$2021-07-13 21:34:59, 7211079, 6792248, 2.3794951, -0.0649, 43.01976, 27.05081, 100.4, 7.01, 45.52303, -122.68463
$2021-07-13 21:35:01, 7211028, 6792203, 2.3794723, -0.0672, 43.03807, 27.07752, 100.4, 7.01, 45.52291, -122.68468
$2021-07-13 21:35:03, 7210958, 6792130, 2.3794951, 0.0666, 42.99535, 27.07752, 100.4, 7.01, 45.52291, -122.68468
$2021-07-13 21:35:05, 7210886, 6792098, 2.3794837, -0.0334, 42.95415, 27.06416, 100.4, 7.01, 45.52291, -122.68468
$2021-07-13 21:35:07, 7210848, 6792086, 2.3793254, -0.4616, 42.95568, 27.07752, 100.4, 7.01, 45.52291, -122.68468
$2021-07-13 21:35:09, 7210803, 6792030, 2.3790994, -0.6588, 42.95110, 27.05081, 100.4, 7.01, 45.52291, -122.68468
$2021-07-13 21:35:11, 7210758, 6791979, 2.3790202, -0.2308, 42.94042, 27.06416, 100.4, 7.01, 45.52291, -122.68468
$2021-07-13 21:35:13, 7210732, 6791909, 2.3792238, 0.5937, 42.88548, 27.07752, 100.4, 7.01, 45.52291, -122.68468
$2021-07-13 21:35:15, 7210673, 6791896, 2.3794951, 0.7912, 42.92668, 27.06416, 100.4, 7.01, 45.52291, -122.68468
$2021-07-13 21:35:17, 7210637, 6791863, 2.3795514, 0.1639, 42.95415, 27.06416, 100.4, 7.01, 45.52291, -122.68468
$2021-07-13 21:35:19, 7210584, 6791823, 2.3794270, -0.3627, 42.86870, 27.06416, 100.4, 7.01, 45.52291, -122.68468
$2021-07-13 21:35:21, 7210538, 6791767, 2.3793483, -0.2303, 42.91295, 27.07752, 100.7, 7.01, 45.52288, -122.68460
$2021-07-13 21:35:23, 7210526, 6791733, 2.3794498, 0.2979, 42.90990, 27.05081, 100.4, 7.01, 45.52288, -122.68460
$2021-07-13 21:35:25, 7210480, 6791672, 2.3797212, 0.7908, 42.88548, 27.07752, 100.4, 7.01, 45.52288, -122.68460
$2021-07-13 21:35:27, 7210426, 6791611, 2.3799925, 0.7939, 42.87175, 27.07752, 100.4, 7.01, 45.52288, -122.68460
$2021-07-13 21:35:29, 7210354, 6791537, 2.3802295, 0.6971, 42.96330, 27.05081, 100.4, 7.01, 45.52288, -122.68460
$2021-07-13 21:35:31, 7210310, 6791457, 2.3804445, 0.6259, 42.90990, 27.06416, 100.4, 7.01, 45.52288, -122.68454
$2021-07-13 21:35:33, 7210272, 6791408, 2.3807383, 0.8548, 42.92668, 27.06416, 100.7, 7.01, 45.52288, -122.68454
$2021-07-13 21:35:35, 7210227, 6791361, 2.3810549, 0.9223, 42.98162, 27.07752, 100.4, 7.01, 45.52288, -122.68454
$2021-07-13 21:35:37, 7210172, 6791311, 2.3812356, 0.5267, 42.94042, 27.06416, 100.4, 7.01, 45.52288, -122.68454
$2021-07-13 21:35:39, 7210152, 6791291, 2.3813148, 0.2309, 42.98314, 27.09354, 100.4, 7.01, 45.52288, -122.68454
$2021-07-13 21:35:41, 7210090, 6791200, 2.3814278, 0.3314, 42.95568, 27.07752, 100.4, 7.01, 45.52287, -122.68453
$2021-07-13 21:35:43, 7210053, 6791178, 2.3816204, 0.5651, 42.96788, 27.07752, 100.4, 7.01, 45.52287, -122.68453
$2021-07-13 21:35:45, 7210005, 6791116, 2.3818121, 0.5583, 42.97856, 27.06416, 100.4, 7.01, 45.52287, -122.68453
$2021-07-13 21:35:47, 7209948, 6791058, 2.3819251, 0.3296, 42.96483, 27.06416, 100.4, 7.01, 45.52287, -122.68453
$2021-07-13 21:35:49, 7209918, 6791033, 2.3819933, 0.1995, 42.95110, 27.05081, 100.7, 7.01, 45.52287, -122.68453
$2021-07-13 21:35:51, 7209893, 6790992, 2.3820720, 0.2308, 43.00908, 27.07752, 100.4, 7.01, 45.52258, -122.68411
$2021-07-13 21:35:53, 7209864, 6790957, 2.3821855, 0.3291, 42.99230, 27.06416, 100.7, 7.01, 45.52258, -122.68411
$2021-07-13 21:35:55, 7209807, 6790900, 2.3823433, 0.4623, 42.99230, 27.06416, 100.4, 7.01, 45.52258, -122.68411
$2021-07-13 21:35:57, 7209776, 6790865, 2.3824677, 0.3661, 42.99535, 27.07752, 100.4, 7.01, 45.52258, -122.68411
$2021-07-13 21:35:59, 7209737, 6790827, 2.3825583, 0.2639, 42.98162, 27.07752, 100.4, 7.01, 45.52258, -122.68411
$2021-07-13 21:36:13, 7209508, 6790588, 2.3829765, 0.5631, 42.82597, 27.06416, 100.4, 7.01, 45.52299, -122.68455
$2021-07-13 21:36:15, 7209473, 6790554, 2.3831120, 0.3948, 42.81682, 27.07752, 100.4, 7.01, 45.52299, -122.68455
$2021-07-13 21:36:17, 7209430, 6790515, 2.3831911, 0.2308, 42.84428, 27.09354, 100.4, 7.01, 45.52299, -122.68455
$2021-07-13 21:36:19, 7209419, 6790478, 2.3832927, 0.2948, 42.81376, 27.06416, 100.7, 7.01, 45.52299, -122.68455
$2021-07-13 21:36:21, 7209358, 6790462, 2.3833494, 0.1655, 42.80003, 27.06416, 100.4, 7.01, 45.52299, -122.68455
$2021-07-13 21:36:23, 7209322, 6790427, 2.3832703, -0.2320, 42.81376, 27.05081, 100.4, 7.01, 45.52300, -122.68459
$2021-07-13 21:36:25, 7209281, 6790393, 2.3831005, -0.4981, 42.81682, 27.07752, 100.4, 7.01, 45.52300, -122.68459
$2021-07-13 21:36:27, 7209247, 6790338, 2.3830442, -0.1641, 42.81834, 27.09354, 100.4, 7.01, 45.52300, -122.68459
$2021-07-13 21:36:29, 7209175, 6790303, 2.3830895, 0.1288, 42.82750, 27.07752, 100.7, 7.01, 45.52300, -122.68459
$2021-07-13 21:36:31, 7209148, 6790271, 2.3830781, -0.0336, 42.79393, 27.12024, 100.4, 7.01, 45.52300, -122.68459
$2021-07-13 21:36:33, 7209099, 6790197, 2.3831005, 0.0654, 42.80003, 27.06416, 100.4, 7.01, 45.52314, -122.68465
$2021-07-13 21:36:35, 7209087, 6790149, 2.3833156, 0.6264, 42.84123, 27.07752, 100.4, 7.01, 45.52314, -122.68465
$2021-07-13 21:36:37, 7209028, 6790070, 2.3837113, 1.1540, 42.78935, 27.07752, 100.4, 7.01, 45.52314, -122.68465
$2021-07-13 21:36:39, 7208985, 6790042, 2.3840842, 1.0878, 42.80461, 27.09354, 100.4, 7.01, 45.52314, -122.68465
$2021-07-13 21:36:41, 7208938, 6789985, 2.3842764, 0.5575, 42.90074, 27.09354, 100.7, 7.01, 45.52314, -122.68465
$2021-07-13 21:36:43, 7208878, 6789931, 2.3843331, 0.1655, 42.92821, 27.09354, 100.4, 7.01, 45.52317, -122.68463
$2021-07-13 21:36:45, 7208852, 6789904, 2.3843780, 0.1316, 42.85496, 27.07752, 100.4, 7.01, 45.52317, -122.68463
$2021-07-13 21:36:47, 7208837, 6789872, 2.3844795, 0.2973, 42.89922, 27.07752, 100.4, 7.01, 45.52317, -122.68463
$2021-07-13 21:36:49, 7208786, 6789818, 2.3846269, 0.4299, 42.91448, 27.09354, 100.4, 7.01, 45.52317, -122.68463
$2021-07-13 21:36:51, 7208741, 6789787, 2.3847623, 0.3935, 42.90074, 27.10689, 100.7, 7.01, 45.52317, -122.68463
$2021-07-13 21:36:53, 7208706, 6789748, 2.3848414, 0.2308, 42.87175, 27.09354, 100.4, 7.01, 45.52341, -122.68505
$2021-07-13 21:36:55, 7208659, 6789682, 2.3849206, 0.2297, 42.91448, 27.09354, 100.7, 7.01, 45.52341, -122.68505
$2021-07-13 21:36:57, 7208606, 6789630, 2.3850789, 0.4658, 42.91295, 27.07752, 100.4, 7.01, 45.52341, -122.68505
$2021-07-13 21:36:59, 7208580, 6789579, 2.3852820, 0.5919, 42.92821, 27.09354, 100.7, 7.01, 45.52341, -122.68505
$2021-07-13 21:37:01, 7208552, 6789558, 2.3854861, 0.5943, 42.88701, 27.10689, 100.4, 7.01, 45.52341, -122.68505
$2021-07-13 21:37:03, 7208523, 6789503, 2.3856893, 0.5894, 42.91448, 27.09354, 100.7, 7.01, 45.52341, -122.68505
$2021-07-13 21:37:05, 7208478, 6789464, 2.3858814, 0.5617, 42.87175, 27.09354, 100.4, 7.01, 45.52341, -122.68505
$2021-07-13 21:37:07, 7208449, 6789417, 2.3860621, 0.5266, 42.87328, 27.10689, 100.4, 7.01, 45.52341, -122.68505
$2021-07-13 21:37:09, 7208415, 6789389, 2.3862205, 0.4621, 42.87175, 27.09354, 100.4, 7.01, 45.52341, -122.68505
$2021-07-13 21:37:11, 7208361, 6789336, 2.3862767, 0.1639, 42.88548, 27.07752, 100.4, 7.01, 45.52341, -122.68505
$2021-07-13 21:37:13, 7208330, 6789270, 2.3864012, 0.3524, 42.87175, 27.09354, 100.4, 7.01, 45.52343, -122.68505
$2021-07-13 21:37:15, 7208253, 6789223, 2.3865595, 0.4618, 42.89006, 27.12024, 100.4, 7.01, 45.52343, -122.68505
$2021-07-13 21:37:17, 7208196, 6789167, 2.3866954, 0.3965, 42.89006, 27.12024, 100.7, 7.01, 45.52343, -122.68505
$2021-07-13 21:37:19, 7208169, 6789114, 2.3867741, 0.2291, 42.85954, 27.10689, 100.4, 7.01, 45.52343, -122.68505
$2021-07-13 21:37:21, 7208134, 6789070, 2.3869553, 0.5285, 42.84428, 27.09354, 100.4, 7.01, 45.52343, -122.68505
$2021-07-13 21:37:23, 7208094, 6789025, 2.3872375, 0.8126, 42.83055, 27.10689, 100.4, 7.01, 45.52337, -122.68505
$2021-07-13 21:37:25, 7208067, 6788991, 2.3874526, 0.6269, 42.84428, 27.09354, 100.4, 7.01, 45.52337, -122.68505
$2021-07-13 21:37:27, 7208026, 6788947, 2.3876448, 0.5602, 42.84581, 27.12024, 100.4, 7.01, 45.52337, -122.68505
$2021-07-13 21:37:29, 7207978, 6788898, 2.3877802, 0.3949, 42.88548, 27.07752, 100.4, 7.01, 45.52337, -122.68505
$2021-07-13 21:37:31, 7207949, 6788871, 2.3878593, 0.2306, 42.81834, 27.09354, 100.4, 7.01, 45.52337, -122.68505
$2021-07-13 21:37:33, 7207905, 6788860, 2.3878255, -0.0983, 42.89006, 27.12024, 100.7, 7.01, 45.52337, -122.68505
$2021-07-13 21:37:35, 7207866, 6788806, 2.3877349, -0.2643, 42.84581, 27.10689, 100.4, 7.01, 45.52337, -122.68505
$2021-07-13 21:37:37, 7207840, 6788775, 2.3877239, -0.0311, 42.85801, 27.09354, 100.7, 7.01, 45.52337, -122.68505
$2021-07-13 21:37:39, 7207795, 6788755, 2.3877802, 0.1638, 42.77714, 27.10689, 100.4, 7.01, 45.52337, -122.68505
$2021-07-13 21:37:41, 7207771, 6788716, 2.3877916, 0.0334, 42.81834, 27.10689, 100.4, 7.01, 45.52337, -122.68505
$2021-07-13 21:37:43, 7207717, 6788659, 2.3878026, 0.0319, 42.79088, 27.10689, 100.4, 7.01, 45.52337, -122.68505
$2021-07-13 21:37:45, 7207688, 6788605, 2.3879724, 0.4935, 42.77714, 27.10689, 100.7, 7.01, 45.52319, -122.68469
$2021-07-13 21:37:48, 7207651, 6788571, 2.3882098, 0.6891, 42.79393, 27.12024, 100.7, 7.01, 45.52319, -122.68469
$2021-07-13 21:37:50, 7207613, 6788529, 2.3884020, 0.5600, 42.76341, 27.12024, 100.4, 7.01, 45.52319, -122.68469
$2021-07-13 21:37:52, 7207585, 6788494, 2.3885717, 0.4955, 42.73594, 27.12024, 100.4, 7.01, 45.52319, -122.68469
$2021-07-13 21:37:54, 7207561, 6788462, 2.3887072, 0.3930, 42.74815, 27.09354, 100.7, 7.01, 45.52319, -122.68469
$2021-07-13 21:37:56, 7207518, 6788414, 2.3888540, 0.4286, 42.76646, 27.13626, 100.4, 7.01, 45.52319, -122.68469
$2021-07-13 21:37:58, 7207477, 6788389, 2.3889894, 0.3929, 42.75273, 27.13626, 100.7, 7.01, 45.52319, -122.68469
$2021-07-13 21:38:00, 7207461, 6788346, 2.3890915, 0.2974, 42.69475, 27.13626, 100.4, 7.01, 45.52319, -122.68469
$2021-07-13 21:38:02, 7207399, 6788285, 2.3892608, 0.4918, 42.78019, 27.13626, 100.7, 7.01, 45.52319, -122.68469
$2021-07-13 21:38:04, 7207368, 6788256, 2.3894529, 0.5646, 42.74968, 27.10689, 100.4, 7.01, 45.52319, -122.68469
$2021-07-13 21:38:06, 7207335, 6788219, 2.3895664, 0.3313, 42.74968, 27.10689, 100.7, 7.01, 45.52299, -122.68419
$2021-07-13 21:38:08, 7207302, 6788185, 2.3896341, 0.1975, 42.70848, 27.13626, 100.4, 7.01, 45.52299, -122.68419
$2021-07-13 21:38:10, 7207291, 6788164, 2.3897357, 0.2959, 42.70695, 27.10689, 100.4, 7.01, 45.52299, -122.68419
$2021-07-13 21:38:12, 7207226, 6788099, 2.3898597, 0.3518, 42.69322, 27.10689, 100.7, 7.01, 45.52299, -122.68419
$2021-07-13 21:38:14, 7207204, 6788056, 2.3900409, 0.5281, 42.76341, 27.10689, 100.4, 7.01, 45.52299, -122.68419
$2021-07-13 21:38:16, 7207162, 6788033, 2.3901992, 0.4614, 42.73900, 27.14961, 100.4, 7.01, 45.52299, -122.68419
$2021-07-13 21:38:18, 7207126, 6787986, 2.3902893, 0.2617, 42.73442, 27.10689, 100.7, 7.01, 45.52299, -122.68419
$2021-07-13 21:38:20, 7207091, 6787955, 2.3903008, 0.0332, 42.74968, 27.12024, 100.7, 7.01, 45.52299, -122.68419
$2021-07-13 21:38:22, 7207055, 6787905, 2.3903799, 0.2310, 42.72069, 27.10689, 100.4, 7.01, 45.52299, -122.68419
$2021-07-13 21:38:24, 7207032, 6787877, 2.3905044, 0.3627, 42.70695, 27.10689, 100.4, 7.01, 45.52299, -122.68419
$2021-07-13 21:38:26, 7206997, 6787848, 2.3906174, 0.3297, 42.68101, 27.12024, 100.4, 7.01, 45.52297, -122.68474
$2021-07-13 21:38:28, 7206971, 6787821, 2.3906851, 0.1974, 42.64896, 27.07752, 100.4, 7.01, 45.52297, -122.68474
$2021-07-13 21:38:30, 7206955, 6787790, 2.3907304, 0.1320, 42.59708, 27.10689, 100.4, 7.01, 45.52297, -122.68474
$2021-07-13 21:38:32, 7206928, 6787748, 2.3908658, 0.3945, 42.63828, 27.10689, 100.4, 7.01, 45.52297, -122.68474
$2021-07-13 21:38:34, 7206875, 6787699, 2.3910465, 0.5307, 42.59708, 27.10689, 100.4, 7.01, 45.52297, -122.68474
$2021-07-13 21:38:36, 7206834, 6787659, 2.3911595, 0.3298, 42.62455, 27.10689, 100.4, 7.01, 45.52304, -122.68496
$2021-07-13 21:38:38, 7206806, 6787638, 2.3911939, 0.1002, 42.61082, 27.10689, 100.7, 7.01, 45.52304, -122.68496
$2021-07-13 21:38:40, 7206806, 6787626, 2.3911824, -0.0336, 42.59708, 27.12024, 100.4, 7.01, 45.52304, -122.68496
$2021-07-13 21:38:42, 7206783, 6787539, 2.3914084, 0.6619, 42.61234, 27.12024, 100.4, 7.01, 45.52304, -122.68496
$2021-07-13 21:38:44, 7206746, 6787524, 2.3917704, 1.0554, 42.61234, 27.12024, 100.4, 7.01, 45.52304, -122.68496
$2021-07-13 21:38:46, 7206715, 6787489, 2.3920751, 0.8592, 42.65354, 27.12024, 100.4, 7.01, 45.52304, -122.68496
$2021-07-13 21:38:48, 7206657, 6787417, 2.3921881, 0.3324, 42.62608, 27.13626, 100.4, 7.01, 45.52304, -122.68496
$2021-07-13 21:38:50, 7206657, 6787409, 2.3923016, 0.3298, 42.65354, 27.12024, 100.7, 7.01, 45.52304, -122.68496
$2021-07-13 21:38:52, 7206646, 6787378, 2.3925161, 0.6256, 42.69475, 27.12024, 100.4, 7.01, 45.52304, -122.68496
$2021-07-13 21:38:54, 7206618, 6787367, 2.3926630, 0.4280, 42.65659, 27.13626, 100.4, 7.01, 45.52304, -122.68496
$2021-07-13 21:38:56, 7206610, 6787326, 2.3928099, 0.4276, 42.63981, 27.12024, 100.4, 7.01, 45.52304, -122.68496
$2021-07-13 21:38:58, 7206559, 6787299, 2.3929114, 0.2953, 42.69475, 27.12024, 100.7, 7.01, 45.52310, -122.68482
$2021-07-13 21:39:00, 7206530, 6787259, 2.3929682, 0.1654, 42.67033, 27.13626, 100.4, 7.01, 45.52310, -122.68482
$2021-07-13 21:39:02, 7206501, 6787207, 2.3930359, 0.1967, 42.65354, 27.12024, 100.7, 7.01, 45.52310, -122.68482
$2021-07-13 21:39:04, 7206465, 6787175, 2.3931942, 0.4615, 42.70848, 27.13626, 100.4, 7.01, 45.52310, -122.68482
$2021-07-13 21:39:06, 7206450, 6787175, 2.3933182, 0.3599, 42.68101, 27.12024, 100.7, 7.01, 45.52310, -122.68482
$2021-07-13 21:39:08, 7206402, 6787124, 2.3933072, -0.0322, 42.62608, 27.13626, 100.4, 7.01, 45.52311, -122.68480
$2021-07-13 21:39:10, 7206395, 6787097, 2.3933301, 0.0671, 42.65659, 27.13626, 100.4, 7.01, 45.52311, -122.68480
$2021-07-13 21:39:12, 7206369, 6787073, 2.3934541, 0.3612, 42.68101, 27.12024, 100.4, 7.01, 45.52311, -122.68480
$2021-07-13 21:39:14, 7206349, 6787054, 2.3936009, 0.4295, 42.67033, 27.13626, 100.4, 7.01, 45.52311, -122.68480
$2021-07-13 21:39:16, 7206316, 6787016, 2.3936801, 0.2327, 42.68101, 27.12024, 100.4, 7.01, 45.52311, -122.68480
$2021-07-13 21:39:18, 7206303, 6786999, 2.3937368, 0.1657, 42.68406, 27.13626, 100.4, 7.01, 45.52328, -122.68491
$2021-07-13 21:39:20, 7206275, 6786955, 2.3938384, 0.2958, 42.69475, 27.12024, 100.4, 7.01, 45.52328, -122.68491
$2021-07-13 21:39:22, 7206234, 6786933, 2.3939400, 0.2962, 42.69475, 27.13626, 100.4, 7.01, 45.52328, -122.68491
$2021-07-13 21:39:24, 7206209, 6786901, 2.3940191, 0.2307, 42.71153, 27.14961, 100.4, 7.01, 45.52328, -122.68491
$2021-07-13 21:39:26, 7206197, 6786878, 2.3940759, 0.1649, 42.68101, 27.12024, 100.7, 7.01, 45.52328, -122.68491
$2021-07-13 21:39:28, 7206171, 6786829, 2.3942451, 0.4929, 42.70848, 27.13626, 100.4, 7.01, 45.52328, -122.68493
$2021-07-13 21:39:30, 7206151, 6786813, 2.3944941, 0.7254, 42.69475, 27.13626, 100.4, 7.01, 45.52328, -122.68493
$2021-07-13 21:39:32, 7206095, 6786763, 2.3946748, 0.5271, 42.70848, 27.13626, 100.4, 7.01, 45.52328, -122.68493
$2021-07-13 21:39:34, 7206047, 6786721, 2.3947539, 0.2308, 42.73900, 27.14961, 100.4, 7.01, 45.52328, -122.68493
$2021-07-13 21:39:36, 7206041, 6786692, 2.3948331, 0.2319, 42.69475, 27.12024, 100.4, 7.01, 45.52328, -122.68493
$2021-07-13 21:39:38, 7206009, 6786654, 2.3949914, 0.4651, 42.72526, 27.13626, 100.4, 7.01, 45.52328, -122.68493
$2021-07-13 21:39:40, 7205972, 6786615, 2.3951950, 0.5907, 42.70695, 27.10689, 100.7, 7.00, 45.52328, -122.68502
