$2021-07-01 15:04:59, 7738050, 7744553, 0.2226285, 76.8761, 58.15824, 22.41245, 98.3, 8.26, nan, nan
$2021-07-01 15:05:03, 7738117, 7745371, 0.2006173, -64.9519, 61.41298, 22.43916, 99.3, 8.26, nan, nan
$2021-07-01 15:05:05, 7737887, 7744372, 0.2251040, 71.5549, 62.62150, 22.42580, 99.3, 8.26, nan, nan
$2021-07-01 15:05:07, 7736832, 7743289, 0.2397208, 42.8759, 62.68406, 22.46853, 99.7, 8.26, nan, nan
$2021-07-01 15:05:09, 7736166, 7742140, 0.2526796, 38.1639, 62.84886, 22.46853, 100.0, 8.26, nan, nan
$2021-07-01 15:05:11, 7735053, 7740846, 0.2640052, 33.2652, 62.65354, 22.48188, 100.0, 8.26, nan, nan
$2021-07-01 15:05:13, 7734798, 7740813, 0.2721808, 23.3074, 62.78020, 22.51125, 100.0, 8.26, nan, nan
$2021-07-01 15:05:15, 7733992, 7739800, 0.2777072, 16.0823, 62.39719, 22.51125, 100.0, 8.26, nan, nan
$2021-07-01 15:05:17, 7732791, 7737499, 0.2837209, 17.4627, 61.89670, 22.56733, 100.4, 8.26, nan, nan
$2021-07-01 15:05:19, 7730962, 7735768, 0.2921357, 24.6230, 61.73800, 22.55131, 100.4, 8.26, nan, nan
$2021-07-01 15:05:21, 7729640, 7734026, 0.3005138, 24.4587, 62.65812, 22.56733, 100.7, 8.26, nan, nan
$2021-07-01 15:05:23, 7729033, 7733731, 0.3057858, 15.2911, 63.47600, 22.62341, 100.7, 8.26, nan, nan
$2021-07-01 15:05:25, 7728757, 7733310, 0.3084037, 7.6281, 64.06348, 22.60738, 100.7, 8.26, nan, nan
$2021-07-01 15:05:27, 7728113, 7732457, 0.3106605, 6.5679, 63.87427, 22.63676, 100.7, 8.26, nan, nan
$2021-07-01 15:05:29, 7726890, 7730781, 0.3142049, 10.2610, 63.48516, 22.66346, 101.0, 8.26, nan, nan
$2021-07-01 15:05:31, 7725406, 7728888, 0.3197952, 15.9797, 63.38445, 22.65011, 101.0, 8.26, nan, nan
$2021-07-01 15:05:33, 7723815, 7727228, 0.3256197, 17.0014, 63.78271, 22.67948, 101.0, 8.26, nan, nan
$2021-07-01 15:05:35, 7723111, 7726716, 0.3295487, 11.0960, 64.40986, 22.70618, 102.4, 8.26, nan, nan
$2021-07-01 15:05:38, 7722735, 7726451, 0.3307401, 3.4622, 64.84627, 22.70618, 101.4, 8.26, nan, nan
$2021-07-01 15:05:40, 7721832, 7725329, 0.3310168, 0.8011, 64.46937, 22.71954, 101.0, 8.26, nan, nan
$2021-07-01 15:05:42, 7720239, 7723326, 0.3329601, 5.6355, 64.12756, 22.76226, 101.0, 8.26, nan, nan
$2021-07-01 15:05:44, 7719288, 7722639, 0.3360827, 9.0473, 64.16266, 22.77561, 101.0, 8.26, nan, nan
$2021-07-01 15:05:46, 7718444, 7721905, 0.3378996, 5.2596, 64.27711, 22.80499, 101.0, 8.26, nan, nan
$2021-07-01 15:05:48, 7717663, 7721219, 0.3377192, -0.5226, 64.13519, 22.80499, 101.0, 8.26, nan, nan
$2021-07-01 15:05:50, 7716704, 7720207, 0.3372438, -1.3748, 63.68658, 22.80499, 100.7, 8.26, nan, nan
$2021-07-01 15:05:52, 7715978, 7719703, 0.3372319, -0.0348, 63.23339, 22.83436, 100.7, 8.26, nan, nan
$2021-07-01 15:05:54, 7715072, 7718825, 0.3370032, -0.6625, 62.64439, 22.85039, 100.7, 8.26, nan, nan
$2021-07-01 15:05:56, 7713929, 7717519, 0.3386336, 4.7208, 61.85245, 22.86374, 101.0, 8.26, nan, nan
$2021-07-01 15:05:58, 7712569, 7716241, 0.3432479, 13.2578, 61.21462, 22.90646, 100.7, 8.26, nan, nan
$2021-07-01 15:06:00, 7711532, 7715305, 0.3479162, 13.5175, 61.03151, 22.91981, 101.0, 8.26, nan, nan
$2021-07-01 15:06:02, 7710155, 7713606, 0.3503404, 7.0249, 60.69276, 22.91981, 101.0, 8.26, nan, nan
$2021-07-01 15:06:04, 7708516, 7712020, 0.3518382, 4.3281, 60.55543, 22.94652, 101.0, 8.26, nan, nan
$2021-07-01 15:06:06, 7706987, 7710520, 0.3535767, 4.9565, 60.83162, 22.96254, 101.0, 8.26, nan, nan
$2021-07-01 15:06:08, 7705851, 7709564, 0.3542203, 1.8598, 61.22377, 22.96254, 101.0, 8.26, nan, nan
$2021-07-01 15:06:10, 7704894, 7708769, 0.3536008, -1.7772, 61.48165, 22.98924, 100.7, 8.26, nan, nan
$2021-07-01 15:06:12, 7703771, 7707616, 0.3528007, -2.3266, 61.33821, 22.98924, 100.7, 8.26, nan, nan
$2021-07-01 15:06:14, 7702622, 7706585, 0.3523796, -1.2248, 60.92775, 23.01862, 100.7, 8.26, nan, nan
$2021-07-01 15:06:16, 7701425, 7705445, 0.3523015, -0.2276, 60.71259, 23.03197, 100.7, 8.26, nan, nan
$2021-07-01 15:06:18, 7700240, 7704289, 0.3522533, -0.1383, 60.35859, 23.07469, 101.0, 8.26, nan, nan
$2021-07-01 15:06:20, 7699028, 7703059, 0.3524458, 0.5597, 60.03052, 23.07469, 101.0, 8.26, nan, nan
$2021-07-01 15:06:22, 7697189, 7700778, 0.3538775, 4.1673, 59.77417, 23.08804, 101.0, 8.26, nan, nan
$2021-07-01 15:06:24, 7695789, 7699956, 0.3555858, 4.9762, 59.89624, 23.11742, 101.0, 8.26, nan, nan
$2021-07-01 15:06:26, 7694814, 7698912, 0.3558805, 0.8528, 60.42268, 23.11742, 101.0, 8.26, nan, nan
$2021-07-01 15:06:28, 7693484, 7697597, 0.3551105, -2.2080, 60.31281, 23.11742, 100.7, 8.26, nan, nan
$2021-07-01 15:06:30, 7691743, 7695622, 0.3554053, 0.8537, 60.25483, 23.15747, 100.7, 8.26, nan, nan
$2021-07-01 15:06:32, 7690648, 7694997, 0.3563618, 2.7880, 60.53864, 23.15747, 100.7, 8.26, nan, nan
$2021-07-01 15:06:34, 7689672, 7694002, 0.3560188, -1.0011, 60.59663, 23.17349, 100.7, 8.26, nan, nan
$2021-07-01 15:06:36, 7688490, 7692819, 0.3551406, -2.5482, 60.26856, 23.18684, 100.7, 8.26, nan, nan
$2021-07-01 15:06:38, 7687029, 7691116, 0.3555256, 1.1203, 59.96644, 23.20020, 100.7, 8.26, nan, nan
$2021-07-01 15:06:40, 7685574, 7690003, 0.3567467, 3.5381, 59.82452, 23.25628, 101.0, 8.26, nan, nan
$2021-07-01 15:06:42, 7684560, 7688935, 0.3571377, 1.1457, 59.99695, 23.24293, 100.7, 8.26, nan, nan
$2021-07-01 15:06:44, 7683294, 7687819, 0.3567347, -1.1616, 59.90081, 23.26963, 100.7, 8.26, nan, nan
$2021-07-01 15:06:46, 7682147, 7686890, 0.3559587, -2.2739, 59.72839, 23.29901, 100.7, 8.25, nan, nan
$2021-07-01 15:06:48, 7680794, 7685455, 0.3552370, -2.1064, 59.43542, 23.29901, 100.7, 8.26, nan, nan
$2021-07-01 15:06:50, 7679627, 7684353, 0.3549302, -0.8902, 59.11040, 23.31236, 101.0, 8.26, nan, nan
$2021-07-01 15:06:52, 7678308, 7683023, 0.3553451, 1.2024, 58.89525, 23.35508, 101.0, 8.26, nan, nan
$2021-07-01 15:06:54, 7676990, 7681766, 0.3558865, 1.5669, 58.81133, 23.34173, 101.0, 8.26, nan, nan
$2021-07-01 15:06:56, 7675725, 7680563, 0.3561693, 0.8202, 58.78996, 23.35508, 101.0, 8.26, nan, nan
$2021-07-01 15:06:58, 7674528, 7679307, 0.3564519, 0.8124, 58.76707, 23.35508, 101.0, 8.26, nan, nan
$2021-07-01 15:07:00, 7673050, 7677939, 0.3567948, 0.9887, 58.65720, 23.40048, 100.7, 8.26, nan, nan
$2021-07-01 15:07:02, 7671654, 7676510, 0.3572159, 1.2204, 58.80827, 23.40048, 100.7, 8.26, nan, nan
$2021-07-01 15:07:04, 7670280, 7675205, 0.3575467, 0.9592, 58.96697, 23.42718, 100.7, 8.25, nan, nan
$2021-07-01 15:07:06, 7668967, 7673792, 0.3580580, 1.4757, 59.23706, 23.42718, 101.0, 8.26, nan, nan
$2021-07-01 15:07:08, 7667207, 7672074, 0.3589001, 2.4584, 59.28741, 23.45655, 100.7, 8.26, nan, nan
$2021-07-01 15:07:10, 7666308, 7671413, 0.3592790, 1.1040, 59.92370, 23.46990, 101.0, 8.25, nan, nan
$2021-07-01 15:07:12, 7665354, 7670592, 0.3586354, -1.8598, 60.03968, 23.49661, 101.0, 8.26, nan, nan
$2021-07-01 15:07:14, 7664349, 7669604, 0.3575528, -3.1382, 59.78332, 23.48325, 101.0, 8.25, nan, nan
$2021-07-01 15:07:16, 7663189, 7668527, 0.3569693, -1.6906, 59.34692, 23.52598, 101.0, 8.26, nan, nan
$2021-07-01 15:07:18, 7661970, 7667346, 0.3568851, -0.2433, 58.95781, 23.51263, 101.0, 8.25, nan, nan
$2021-07-01 15:07:20, 7660774, 7666214, 0.3568550, -0.0879, 58.64805, 23.55268, 100.7, 8.25, nan, nan
$2021-07-01 15:07:22, 7659571, 7665153, 0.3566444, -0.6157, 58.44053, 23.56870, 100.4, 8.25, nan, nan
$2021-07-01 15:07:24, 7658454, 7664057, 0.3562655, -1.1046, 58.26353, 23.56870, 100.7, 8.25, nan, nan
$2021-07-01 15:07:26, 7656974, 7662405, 0.3564159, 0.4398, 58.04380, 23.58206, 100.4, 8.25, nan, nan
$2021-07-01 15:07:28, 7655649, 7661168, 0.3573483, 2.7005, 58.12620, 23.59541, 100.7, 8.25, nan, nan
$2021-07-01 15:07:30, 7654300, 7659955, 0.3581182, 2.2460, 58.18876, 23.60876, 100.7, 8.26, nan, nan
$2021-07-01 15:07:32, 7653247, 7658997, 0.3579196, -0.5764, 58.51072, 23.63813, 100.7, 8.25, nan, nan
$2021-07-01 15:07:34, 7652198, 7658032, 0.3572039, -2.0774, 58.62974, 23.65148, 100.7, 8.25, nan, nan
$2021-07-01 15:07:36, 7651090, 7656914, 0.3568670, -0.9799, 58.40391, 23.62478, 100.7, 8.25, nan, nan
$2021-07-01 15:07:38, 7649862, 7655713, 0.3569632, 0.2806, 58.16282, 23.66750, 100.7, 8.25, nan, nan
$2021-07-01 15:07:40, 7648617, 7654535, 0.3572761, 0.9107, 58.01481, 23.69421, 100.7, 8.25, nan, nan
$2021-07-01 15:07:42, 7647542, 7653598, 0.3572460, -0.0873, 57.97970, 23.68086, 101.0, 8.25, nan, nan
$2021-07-01 15:07:44, 7646562, 7652719, 0.3567046, -1.5739, 57.85458, 23.70756, 100.7, 8.25, nan, nan
$2021-07-01 15:07:46, 7645482, 7651640, 0.3561031, -1.7498, 57.53872, 23.72358, 100.7, 8.25, nan, nan
$2021-07-01 15:07:48, 7644262, 7650476, 0.3559107, -0.5571, 57.14962, 23.76364, 101.0, 8.25, nan, nan
$2021-07-01 15:07:50, 7643057, 7649338, 0.3559828, 0.2100, 57.01839, 23.76364, 100.7, 8.25, nan, nan
$2021-07-01 15:07:52, 7642029, 7648390, 0.3559406, -0.1212, 56.92684, 23.77966, 100.7, 8.25, nan, nan
$2021-07-01 15:07:54, 7640800, 7647243, 0.3556459, -0.8506, 56.84444, 23.77966, 100.7, 8.25, nan, nan
$2021-07-01 15:07:56, 7639692, 7646184, 0.3553211, -0.9480, 56.71931, 23.80636, 101.0, 8.25, nan, nan
$2021-07-01 15:07:58, 7638475, 7645108, 0.3549421, -1.1078, 56.62776, 23.80636, 100.7, 8.25, nan, nan
$2021-07-01 15:08:00, 7637384, 7644104, 0.3543947, -1.6015, 56.56978, 23.81971, 100.7, 8.25, nan, nan
$2021-07-01 15:08:02, 7636260, 7643013, 0.3538293, -1.6432, 56.45839, 23.84908, 100.7, 8.25, nan, nan
$2021-07-01 15:08:04, 7635154, 7641911, 0.3536429, -0.5349, 56.36835, 23.87579, 101.0, 8.25, nan, nan
$2021-07-01 15:08:06, 7633578, 7639883, 0.3548338, 3.4432, 56.30426, 23.84908, 101.0, 8.25, nan, nan
$2021-07-01 15:08:08, 7632146, 7638772, 0.3568550, 5.8853, 56.49959, 23.89182, 100.7, 8.25, nan, nan
$2021-07-01 15:08:10, 7631179, 7637727, 0.3582384, 4.0247, 57.36172, 23.92119, 100.7, 8.25, nan, nan
$2021-07-01 15:08:12, 7629968, 7636583, 0.3585151, 0.8085, 57.58602, 23.93454, 101.0, 8.25, nan, nan
$2021-07-01 15:08:14, 7628800, 7635507, 0.3584249, -0.2598, 57.77371, 23.93454, 101.0, 8.25, nan, nan
$2021-07-01 15:08:16, 7627860, 7634663, 0.3583106, -0.3342, 57.95224, 23.95056, 100.7, 8.25, nan, nan
$2021-07-01 15:08:18, 7626985, 7633913, 0.3577331, -1.6790, 57.90951, 23.96391, 101.0, 8.25, nan, nan
$2021-07-01 15:08:20, 7625788, 7632631, 0.3573422, -1.1296, 57.54787, 23.97727, 101.0, 8.25, nan, nan
$2021-07-01 15:08:22, 7624541, 7631412, 0.3575647, 0.6491, 57.40597, 23.97727, 101.0, 8.25, nan, nan
$2021-07-01 15:08:24, 7623540, 7630631, 0.3577813, 0.6271, 57.41055, 24.00664, 101.0, 8.25, nan, nan
$2021-07-01 15:08:26, 7622660, 7629775, 0.3573843, -1.1533, 57.38461, 23.99062, 101.0, 8.25, nan, nan
$2021-07-01 15:08:28, 7621321, 7628273, 0.3571437, -0.7003, 57.09926, 24.03334, 100.4, 8.25, nan, nan
$2021-07-01 15:08:30, 7620115, 7627209, 0.3577151, 1.6681, 57.05348, 24.04669, 100.4, 8.25, nan, nan
$2021-07-01 15:08:32, 7619101, 7626325, 0.3581422, 1.2365, 57.33883, 24.06271, 100.7, 8.25, nan, nan
$2021-07-01 15:08:34, 7618130, 7625471, 0.3576250, -1.5110, 57.37545, 24.07607, 100.7, 8.25, nan, nan
$2021-07-01 15:08:36, 7617226, 7624657, 0.3566685, -2.7674, 57.21370, 24.08942, 100.7, 8.25, nan, nan
$2021-07-01 15:08:38, 7616249, 7623728, 0.3560188, -1.8952, 56.93141, 24.08942, 100.7, 8.25, nan, nan
$2021-07-01 15:08:40, 7615243, 7622666, 0.3559046, -0.3340, 56.56978, 24.10277, 100.4, 8.25, nan, nan
$2021-07-01 15:08:42, 7614117, 7621535, 0.3564159, 1.4910, 56.31342, 24.11879, 100.7, 8.25, nan, nan
$2021-07-01 15:08:44, 7613046, 7620535, 0.3570836, 1.9298, 56.24323, 24.11879, 100.7, 8.25, nan, nan
$2021-07-01 15:08:46, 7611985, 7619526, 0.3574084, 0.9451, 56.14862, 24.11879, 100.7, 8.25, nan, nan
$2021-07-01 15:08:48, 7610951, 7618564, 0.3573121, -0.2809, 56.11963, 24.14549, 100.7, 8.25, nan, nan
$2021-07-01 15:08:50, 7609873, 7617404, 0.3573542, 0.1225, 56.03723, 24.14549, 100.7, 8.25, nan, nan
$2021-07-01 15:08:52, 7608792, 7616371, 0.3577753, 1.2294, 55.98230, 24.17487, 100.7, 8.25, nan, nan
$2021-07-01 15:08:54, 7607723, 7615439, 0.3581061, 0.9597, 56.06928, 24.18822, 100.7, 8.25, nan, nan
$2021-07-01 15:08:56, 7606803, 7614509, 0.3580099, -0.2797, 56.08912, 24.18822, 100.7, 8.25, nan, nan
$2021-07-01 15:08:58, 7605760, 7613560, 0.3577272, -0.8218, 55.96399, 24.20157, 100.7, 8.25, nan, nan
$2021-07-01 15:09:00, 7604802, 7612683, 0.3575046, -0.6465, 55.90448, 24.20157, 100.7, 8.25, nan, nan
$2021-07-01 15:09:02, 7603811, 7611751, 0.3571677, -0.9854, 55.73205, 24.23095, 100.7, 8.25, nan, nan
$2021-07-01 15:09:04, 7602782, 7610761, 0.3568189, -0.9789, 55.59472, 24.24430, 100.7, 8.25, nan, nan
$2021-07-01 15:09:06, 7601704, 7609708, 0.3567347, -0.2453, 55.52606, 24.25765, 100.7, 8.25, nan, nan
$2021-07-01 15:09:08, 7600687, 7608762, 0.3567467, 0.0351, 55.49249, 24.27367, 100.7, 8.25, nan, nan
$2021-07-01 15:09:10, 7599725, 7607813, 0.3567768, 0.0881, 55.41924, 24.25765, 100.7, 8.25, nan, nan
$2021-07-01 15:09:12, 7598723, 7606881, 0.3567467, -0.0875, 55.33380, 24.30038, 100.7, 8.25, nan, nan
$2021-07-01 15:09:14, 7597731, 7605914, 0.3567107, -0.1046, 55.30938, 24.30038, 100.7, 8.25, nan, nan
$2021-07-01 15:09:16, 7596626, 7604868, 0.3566625, -0.1400, 55.24223, 24.31373, 100.7, 8.25, nan, nan
$2021-07-01 15:09:19, 7595699, 7604032, 0.3565061, -0.4537, 55.24681, 24.34310, 100.7, 8.25, nan, nan
$2021-07-01 15:09:21, 7594790, 7603172, 0.3562053, -0.8565, 55.22240, 24.34310, 100.7, 8.25, nan, nan
$2021-07-01 15:09:23, 7593824, 7602248, 0.3559166, -0.8318, 55.03471, 24.35645, 100.7, 8.25, nan, nan
$2021-07-01 15:09:25, 7592824, 7601323, 0.3557302, -0.5437, 54.89738, 24.36980, 100.7, 8.25, nan, nan
$2021-07-01 15:09:27, 7591851, 7600368, 0.3556098, -0.3517, 54.74784, 24.38583, 100.7, 8.25, nan, nan
$2021-07-01 15:09:29, 7590664, 7598804, 0.3563918, 2.2764, 54.69139, 24.41253, 100.7, 8.25, nan, nan
$2021-07-01 15:09:31, 7588917, 7597131, 0.3583467, 5.6589, 54.62425, 24.42588, 100.7, 8.25, nan, nan
$2021-07-01 15:09:33, 7587763, 7595943, 0.3603317, 5.7965, 55.70459, 24.42588, 100.7, 8.25, nan, nan
$2021-07-01 15:09:35, 7587077, 7595527, 0.3608910, 1.6086, 56.63692, 24.44190, 100.7, 8.25, nan, nan
$2021-07-01 15:09:37, 7586424, 7594939, 0.3600790, -2.3641, 57.03517, 24.42588, 100.7, 8.25, nan, nan
$2021-07-01 15:09:39, 7585484, 7593997, 0.3591227, -2.7909, 56.72999, 24.44190, 100.7, 8.25, nan, nan
$2021-07-01 15:09:41, 7584517, 7593079, 0.3587377, -1.1142, 56.41718, 24.45792, 100.7, 8.25, nan, nan
$2021-07-01 15:09:43, 7583593, 7592294, 0.3586474, -0.2643, 56.28138, 24.50065, 100.7, 8.25, nan, nan
$2021-07-01 15:09:45, 7582631, 7591189, 0.3585994, -0.1402, 56.12574, 24.48463, 100.7, 8.25, nan, nan
$2021-07-01 15:09:47, 7581853, 7590803, 0.3583166, -0.8084, 55.95026, 24.48463, 100.7, 8.25, nan, nan
$2021-07-01 15:09:49, 7581079, 7589934, 0.3576129, -2.0516, 55.83581, 24.50065, 100.7, 8.25, nan, nan
$2021-07-01 15:09:51, 7579950, 7588775, 0.3571196, -1.4355, 55.34753, 24.54070, 100.7, 8.25, nan, nan
$2021-07-01 15:09:53, 7578891, 7587629, 0.3576610, 1.5813, 55.30175, 24.55673, 100.7, 8.25, nan, nan
$2021-07-01 15:09:55, 7577360, 7585664, 0.3598024, 6.2784, 55.44366, 24.55673, 100.7, 8.25, nan, nan
$2021-07-01 15:09:57, 7576313, 7585311, 0.3614745, 4.8666, 56.14862, 24.55673, 100.7, 8.25, nan, nan
$2021-07-01 15:09:59, 7576125, 7585124, 0.3609812, -1.4354, 57.03212, 24.55673, 100.7, 8.25, nan, nan
$2021-07-01 15:10:01, 7575068, 7584068, 0.3591467, -5.3436, 56.54078, 24.57008, 100.7, 8.25, nan, nan
$2021-07-01 15:10:03, 7574350, 7583527, 0.3579858, -3.4018, 56.23407, 24.62615, 100.7, 8.25, nan, nan
$2021-07-01 15:10:05, 7573404, 7582533, 0.3577933, -0.5625, 55.86023, 24.58343, 100.7, 8.25, nan, nan
$2021-07-01 15:10:07, 7571661, 7580022, 0.3592490, 4.2401, 55.58404, 24.62615, 100.7, 8.25, nan, nan
$2021-07-01 15:10:09, 7570260, 7578734, 0.3630203, 10.9702, 56.13947, 24.62615, 100.7, 8.25, nan, nan
$2021-07-01 15:10:11, 7569162, 7577991, 0.3659794, 8.6022, 57.42580, 24.65286, 100.7, 8.25, nan, nan
$2021-07-01 15:10:13, 7568577, 7577299, 0.3660756, 0.2790, 58.61143, 24.63950, 100.7, 8.25, nan, nan
$2021-07-01 15:10:15, 7567824, 7576652, 0.3650411, -2.9283, 58.68467, 24.65286, 100.7, 8.25, nan, nan
$2021-07-01 15:10:17, 7566793, 7575593, 0.3649330, -0.3111, 58.62058, 24.69558, 100.7, 8.25, nan, nan
$2021-07-01 15:10:19, 7566210, 7575436, 0.3644878, -1.2977, 58.65110, 24.66888, 100.7, 8.25, nan, nan
$2021-07-01 15:10:21, 7565746, 7575014, 0.3628699, -4.7018, 58.27726, 24.68223, 100.7, 8.25, nan, nan
$2021-07-01 15:10:23, 7564789, 7573929, 0.3615226, -3.9164, 57.38766, 24.70893, 100.7, 8.25, nan, nan
$2021-07-01 15:10:25, 7563910, 7573367, 0.3609812, -1.5725, 56.82612, 24.73830, 100.7, 8.25, nan, nan
$2021-07-01 15:10:27, 7563212, 7572655, 0.3605722, -1.1603, 56.55604, 24.73830, 100.7, 8.25, nan, nan
$2021-07-01 15:10:29, 7561604, 7570478, 0.3610534, 1.3934, 56.06165, 24.73830, 101.0, 8.24, nan, nan
$2021-07-01 15:10:31, 7560434, 7569648, 0.3629782, 5.5841, 56.45534, 24.76768, 101.0, 8.25, nan, nan
$2021-07-01 15:10:33, 7559854, 7569346, 0.3640368, 3.1041, 57.27016, 24.78103, 100.7, 8.25, nan, nan
$2021-07-01 15:10:35, 7559434, 7569010, 0.3626293, -4.0770, 57.37545, 24.78103, 101.0, 8.25, nan, nan
$2021-07-01 15:10:37, 7558294, 7567431, 0.3616609, -2.8359, 56.81087, 24.78103, 100.7, 8.25, nan, nan
$2021-07-01 15:10:39, 7556497, 7565574, 0.3634172, 5.0701, 56.59114, 24.80773, 101.0, 8.24, nan, nan
$2021-07-01 15:10:41, 7555778, 7565153, 0.3654923, 6.0556, 57.66385, 24.80773, 101.0, 8.25, nan, nan
$2021-07-01 15:10:43, 7555340, 7564829, 0.3655405, 0.1387, 58.30015, 24.80773, 101.0, 8.24, nan, nan
$2021-07-01 15:10:45, 7554569, 7563988, 0.3643916, -3.3288, 58.03312, 24.83711, 101.0, 8.24, nan, nan
$2021-07-01 15:10:47, 7553561, 7563004, 0.3640608, -0.9526, 57.64554, 24.85046, 101.0, 8.25, nan, nan
$2021-07-01 15:10:49, 7552903, 7562779, 0.3637360, -0.9482, 57.57687, 24.85046, 100.4, 8.25, nan, nan
$2021-07-01 15:10:51, 7552145, 7561817, 0.3626654, -3.1387, 57.37850, 24.86381, 100.7, 8.24, nan, nan
$2021-07-01 15:10:53, 7551176, 7561030, 0.3617091, -2.7721, 56.93447, 24.89318, 100.7, 8.24, nan, nan
$2021-07-01 15:10:55, 7550462, 7560329, 0.3614383, -0.7901, 56.79408, 24.90654, 100.4, 8.24, nan, nan
$2021-07-01 15:10:57, 7549784, 7559892, 0.3609693, -1.3794, 56.52705, 24.90654, 100.4, 8.25, nan, nan
$2021-07-01 15:10:59, 7549202, 7559403, 0.3597782, -3.4895, 56.14710, 24.89318, 100.4, 8.24, nan, nan
$2021-07-01 15:11:01, 7548507, 7558784, 0.3585752, -3.4767, 55.55810, 24.90654, 100.7, 8.24, nan, nan
$2021-07-01 15:11:03, 7547796, 7558175, 0.3576189, -2.7711, 54.87602, 24.91989, 100.7, 8.24, nan, nan
$2021-07-01 15:11:05, 7546925, 7557328, 0.3570354, -1.6862, 54.34043, 24.94926, 100.7, 8.24, nan, nan
$2021-07-01 15:11:07, 7545938, 7556336, 0.3568069, -0.6605, 53.90860, 24.97597, 100.7, 8.24, nan, nan
$2021-07-01 15:11:09, 7545084, 7555553, 0.3569031, 0.2786, 53.77738, 24.96262, 100.7, 8.24, nan, nan
$2021-07-01 15:11:11, 7544261, 7554812, 0.3568910, -0.0351, 53.81857, 24.99199, 100.4, 8.24, nan, nan
$2021-07-01 15:11:13, 7543450, 7553988, 0.3567166, -0.5130, 53.72244, 24.99199, 100.4, 8.24, nan, nan
$2021-07-01 15:11:15, 7542524, 7553143, 0.3566324, -0.2459, 53.60647, 25.00534, 100.7, 8.25, nan, nan
$2021-07-01 15:11:17, 7541724, 7552417, 0.3565362, -0.2795, 53.70412, 25.03471, 100.4, 8.24, nan, nan
$2021-07-01 15:11:19, 7540910, 7551632, 0.3562956, -0.7000, 53.66750, 25.02136, 100.7, 8.24, nan, nan
$2021-07-01 15:11:21, 7539911, 7550393, 0.3566444, 1.0189, 53.56679, 25.05074, 100.7, 8.24, nan, nan
$2021-07-01 15:11:23, 7538675, 7549128, 0.3580580, 3.9640, 53.65682, 25.02136, 100.7, 8.24, nan, nan
$2021-07-01 15:11:25, 7537436, 7547766, 0.3600249, 5.6604, 54.31144, 25.07744, 100.7, 8.24, nan, nan
$2021-07-01 15:11:27, 7536396, 7547122, 0.3609151, 2.5835, 55.14000, 25.07744, 100.7, 8.24, nan, nan
$2021-07-01 15:11:29, 7535028, 7544309, 0.3630263, 6.1707, 55.93652, 25.05074, 100.7, 8.24, nan, nan
$2021-07-01 15:11:31, 7532550, 7542098, 0.3681086, 14.8461, 56.66133, 25.09079, 101.0, 8.24, nan, nan
$2021-07-01 15:11:33, 7530915, 7539495, 0.3751873, 20.6476, 59.43389, 25.10681, 100.7, 8.24, nan, nan
$2021-07-01 15:11:35, 7532289, 7543381, 0.3768411, 4.8083, 61.44045, 25.10681, 100.7, 8.24, nan, nan
$2021-07-01 15:11:37, 7532639, 7543078, 0.3708872, -17.4120, 61.18715, 25.10681, 100.7, 8.24, nan, nan
$2021-07-01 15:11:39, 7531876, 7542346, 0.3645600, -18.3588, 58.94408, 25.13351, 100.7, 8.24, nan, nan
$2021-07-01 15:11:41, 7531094, 7541664, 0.3628458, -4.9620, 57.50668, 25.13351, 100.7, 8.24, nan, nan
$2021-07-01 15:11:43, 7530331, 7540977, 0.3638684, 2.9564, 56.43549, 25.14687, 100.7, 8.24, nan, nan
$2021-07-01 15:11:45, 7529551, 7540358, 0.3631646, -2.0369, 55.82361, 25.16289, 100.7, 8.24, nan, nan
$2021-07-01 15:11:47, 7528871, 7539732, 0.3622503, -2.6481, 55.35211, 25.16289, 100.7, 8.24, nan, nan
$2021-07-01 15:11:49, 7528136, 7539103, 0.3613722, -2.5460, 54.85771, 25.17624, 100.7, 8.24, nan, nan
$2021-07-01 15:11:51, 7527366, 7538340, 0.3607708, -1.7578, 54.40299, 25.18959, 100.7, 8.24, nan, nan
$2021-07-01 15:11:53, 7526509, 7537461, 0.3606805, -0.2637, 54.09781, 25.21896, 100.7, 8.24, nan, nan
$2021-07-01 15:11:55, 7525391, 7536232, 0.3612339, 1.6001, 53.94675, 25.21896, 100.7, 8.24, nan, nan
$2021-07-01 15:11:57, 7524664, 7535828, 0.3616790, 1.3034, 54.20768, 25.23232, 100.7, 8.24, nan, nan
$2021-07-01 15:11:59, 7524157, 7535381, 0.3611135, -1.6435, 54.36332, 25.25903, 100.7, 8.24, nan, nan
$2021-07-01 15:12:01, 7523466, 7534719, 0.3599948, -3.2348, 54.07034, 25.25903, 100.7, 8.24, nan, nan
$2021-07-01 15:12:03, 7522655, 7533985, 0.3593271, -1.9576, 53.61104, 25.25903, 100.7, 8.24, nan, nan
$2021-07-01 15:12:05, 7521751, 7533060, 0.3592850, -0.1225, 53.32876, 25.27505, 100.7, 8.24, nan, nan
$2021-07-01 15:12:07, 7520896, 7532304, 0.3592670, -0.0519, 53.21736, 25.31510, 101.0, 8.24, nan, nan
$2021-07-01 15:12:09, 7520144, 7531466, 0.3594114, 0.4180, 53.27382, 25.30175, 100.7, 8.24, nan, nan
$2021-07-01 15:12:11, 7518823, 7530020, 0.3601332, 2.0933, 53.14565, 25.30175, 101.0, 8.24, nan, nan
$2021-07-01 15:12:13, 7518044, 7529419, 0.3610654, 2.7003, 53.75906, 25.31510, 100.7, 8.24, nan, nan
$2021-07-01 15:12:15, 7517520, 7529029, 0.3612038, 0.3998, 54.18479, 25.31510, 100.7, 8.24, nan, nan
$2021-07-01 15:12:17, 7516785, 7528264, 0.3605241, -1.9594, 54.05966, 25.34447, 101.0, 8.24, nan, nan
$2021-07-01 15:12:19, 7515946, 7527475, 0.3600669, -1.3336, 53.86435, 25.37385, 100.7, 8.24, nan, nan
$2021-07-01 15:12:21, 7515285, 7526929, 0.3599768, -0.2590, 53.71176, 25.38720, 101.0, 8.24, nan, nan
$2021-07-01 15:12:23, 7514528, 7526258, 0.3596158, -1.0502, 53.50118, 25.38720, 100.7, 8.24, nan, nan
$2021-07-01 15:12:25, 7513634, 7525089, 0.3596279, 0.0351, 53.15785, 25.38720, 100.7, 8.24, nan, nan
$2021-07-01 15:12:27, 7512153, 7523430, 0.3611376, 4.2870, 53.05409, 25.41390, 100.7, 8.24, nan, nan
$2021-07-01 15:12:30, 7511479, 7523073, 0.3629601, 5.2744, 53.95133, 25.41390, 101.0, 8.24, nan, nan
$2021-07-01 15:12:32, 7510725, 7522174, 0.3636518, 2.0054, 54.39384, 25.44327, 101.0, 8.24, nan, nan
$2021-07-01 15:12:34, 7509809, 7521409, 0.3634353, -0.6233, 54.43961, 25.42992, 101.0, 8.24, nan, nan
$2021-07-01 15:12:36, 7509221, 7520816, 0.3633029, -0.3854, 54.66850, 25.45663, 101.0, 8.24, nan, nan
$2021-07-01 15:12:38, 7508441, 7520056, 0.3633751, 0.2092, 54.35264, 25.46998, 101.0, 8.24, nan, nan
$2021-07-01 15:12:40, 7507419, 7518720, 0.3641510, 2.2632, 54.23057, 25.45663, 100.4, 8.24, nan, nan
$2021-07-01 15:12:42, 7506193, 7517747, 0.3655704, 4.1229, 54.27024, 25.48600, 100.7, 8.24, nan, nan
$2021-07-01 15:12:44, 7505692, 7517272, 0.3662741, 2.0539, 55.03014, 25.51270, 100.4, 8.24, nan, nan
$2021-07-01 15:12:46, 7505280, 7517053, 0.3657329, -1.5785, 55.09880, 25.49935, 100.4, 8.24, nan, nan
$2021-07-01 15:12:48, 7504552, 7516260, 0.3648667, -2.5132, 54.66392, 25.51270, 100.4, 8.24, nan, nan
$2021-07-01 15:12:50, 7503808, 7515641, 0.3645239, -0.9888, 54.18479, 25.54208, 100.7, 8.24, nan, nan
$2021-07-01 15:12:52, 7503065, 7514986, 0.3642292, -0.8428, 53.77280, 25.54208, 100.7, 8.24, nan, nan
$2021-07-01 15:12:54, 7502289, 7514184, 0.3639405, -0.8391, 53.48897, 25.55543, 100.7, 8.24, nan, nan
$2021-07-01 15:12:56, 7501546, 7513511, 0.3637841, -0.4466, 53.15938, 25.55543, 100.7, 8.24, nan, nan
$2021-07-01 15:12:58, 7500621, 7512611, 0.3638684, 0.2462, 52.96102, 25.57145, 100.7, 8.24, nan, nan
$2021-07-01 15:13:00, 7499872, 7511943, 0.3638262, -0.1223, 52.87861, 25.57145, 101.0, 8.24, nan, nan
$2021-07-01 15:13:02, 7498988, 7511043, 0.3637059, -0.3502, 52.87861, 25.57145, 100.7, 8.24, nan, nan
$2021-07-01 15:13:04, 7498106, 7510284, 0.3635977, -0.3165, 52.96254, 25.60083, 100.7, 8.24, nan, nan
$2021-07-01 15:13:06, 7497396, 7509549, 0.3634713, -0.3677, 53.04799, 25.60083, 100.7, 8.24, nan, nan
$2021-07-01 15:13:08, 7496493, 7508589, 0.3636338, 0.4760, 53.10750, 25.60083, 100.7, 8.24, nan, nan
$2021-07-01 15:13:10, 7495726, 7507940, 0.3640187, 1.1277, 53.25093, 25.62753, 100.7, 8.24, nan, nan
$2021-07-01 15:13:12, 7495059, 7507304, 0.3641992, 0.5251, 53.42031, 25.64089, 100.7, 8.24, nan, nan
$2021-07-01 15:13:14, 7494377, 7506667, 0.3640187, -0.5238, 53.31349, 25.62753, 100.7, 8.24, nan, nan
$2021-07-01 15:13:16, 7493634, 7506015, 0.3637360, -0.8125, 53.12276, 25.64089, 100.7, 8.24, nan, nan
$2021-07-01 15:13:18, 7492676, 7505067, 0.3634954, -0.7015, 52.96559, 25.67026, 100.7, 8.24, nan, nan
$2021-07-01 15:13:20, 7492027, 7504377, 0.3634954, 0.0000, 52.97627, 25.68361, 101.0, 8.24, nan, nan
$2021-07-01 15:13:22, 7490850, 7502765, 0.3647945, 3.7798, 52.88319, 25.68361, 100.7, 8.24, nan, nan
$2021-07-01 15:13:24, 7489579, 7501877, 0.3667072, 5.6030, 53.29976, 25.69696, 100.7, 8.24, nan, nan
$2021-07-01 15:13:26, 7489548, 7502068, 0.3670741, 1.0709, 54.40757, 25.69696, 100.7, 8.24, nan, nan
$2021-07-01 15:13:28, 7489164, 7501729, 0.3654562, -4.6967, 54.15275, 25.71298, 100.7, 8.24, nan, nan
$2021-07-01 15:13:30, 7488412, 7501049, 0.3637781, -4.9029, 53.32418, 25.71298, 100.7, 8.24, nan, nan
$2021-07-01 15:13:32, 7487691, 7500383, 0.3631285, -1.9026, 52.66499, 25.72634, 100.7, 8.24, nan, nan
$2021-07-01 15:13:34, 7486985, 7499647, 0.3629420, -0.5422, 52.25147, 25.71298, 100.7, 8.24, nan, nan
$2021-07-01 15:13:36, 7485854, 7498348, 0.3634413, 1.4476, 51.90357, 25.75304, 101.0, 8.24, nan, nan
$2021-07-01 15:13:38, 7484886, 7497561, 0.3643315, 2.5883, 52.21942, 25.75304, 101.0, 8.24, nan, nan
$2021-07-01 15:13:40, 7484498, 7497295, 0.3645179, 0.5444, 52.80079, 25.76906, 101.0, 8.24, nan, nan
$2021-07-01 15:13:42, 7483803, 7496495, 0.3640728, -1.3028, 52.70619, 25.76906, 100.7, 8.24, nan, nan
$2021-07-01 15:13:44, 7482796, 7495405, 0.3642352, 0.4739, 52.56886, 25.79576, 101.0, 8.24, nan, nan
$2021-07-01 15:13:46, 7482031, 7494905, 0.3648126, 1.6725, 52.72450, 25.80911, 101.0, 8.24, nan, nan
$2021-07-01 15:13:48, 7481466, 7494296, 0.3646924, -0.3481, 52.85115, 25.78241, 101.0, 8.24, nan, nan
$2021-07-01 15:13:50, 7480777, 7493662, 0.3641570, -1.5510, 52.68788, 25.80911, 101.0, 8.24, nan, nan
$2021-07-01 15:13:52, 7480042, 7493030, 0.3637540, -1.1688, 52.52307, 25.80911, 100.7, 8.24, nan, nan
$2021-07-01 15:13:54, 7479249, 7492207, 0.3635736, -0.5258, 52.32471, 25.82514, 100.7, 8.24, nan, nan
$2021-07-01 15:13:56, 7478572, 7491601, 0.3633991, -0.5077, 52.19654, 25.83849, 100.7, 8.24, nan, nan
$2021-07-01 15:13:58, 7477742, 7490776, 0.3634112, 0.0353, 52.12482, 25.86519, 100.7, 8.24, nan, nan
$2021-07-01 15:14:00, 7477065, 7490160, 0.3634112, 0.0000, 52.08667, 25.86519, 101.0, 8.24, nan, nan
$2021-07-01 15:14:02, 7476307, 7489393, 0.3634292, 0.0522, 52.05005, 25.88121, 101.0, 8.24, nan, nan
$2021-07-01 15:14:04, 7475607, 7488739, 0.3635375, 0.3153, 52.03784, 25.89456, 101.0, 8.24, nan, nan
$2021-07-01 15:14:06, 7474898, 7488081, 0.3635857, 0.1398, 52.03632, 25.88121, 101.0, 8.24, nan, nan
$2021-07-01 15:14:08, 7474185, 7487433, 0.3634713, -0.3331, 51.92340, 25.89456, 101.0, 8.24, nan, nan
$2021-07-01 15:14:10, 7473480, 7486769, 0.3632007, -0.7921, 51.77539, 25.92127, 100.4, 8.24, nan, nan
$2021-07-01 15:14:12, 7472768, 7486113, 0.3629240, -0.8065, 51.68841, 25.93729, 100.4, 8.24, nan, nan
$2021-07-01 15:14:14, 7472021, 7485420, 0.3626714, -0.7255, 51.53277, 25.92127, 100.7, 8.24, nan, nan
$2021-07-01 15:14:16, 7471324, 7484753, 0.3624549, -0.6288, 51.48394, 25.93729, 100.7, 8.24, nan, nan
$2021-07-01 15:14:18, 7470631, 7484130, 0.3622444, -0.6194, 51.39239, 25.93729, 100.4, 8.24, nan, nan
$2021-07-01 15:14:20, 7469868, 7483352, 0.3621241, -0.3507, 51.28252, 25.96399, 100.7, 8.24, nan, nan
$2021-07-01 15:14:22, 7468993, 7482508, 0.3621722, 0.1409, 51.28557, 25.98001, 100.4, 8.24, nan, nan
$2021-07-01 15:14:24, 7468266, 7481833, 0.3622804, 0.3162, 51.50530, 25.99336, 100.4, 8.24, nan, nan
$2021-07-01 15:14:26, 7467596, 7481215, 0.3622745, -0.0172, 51.55566, 25.99336, 100.7, 8.24, nan, nan
$2021-07-01 15:14:28, 7466625, 7480017, 0.3626112, 0.9809, 51.52819, 25.99336, 100.4, 8.24, nan, nan
$2021-07-01 15:14:30, 7465921, 7479693, 0.3630142, 1.1785, 51.77234, 25.99336, 100.7, 8.24, nan, nan
$2021-07-01 15:14:32, 7465498, 7479185, 0.3627796, -0.6772, 52.07904, 26.00672, 100.7, 8.24, nan, nan
$2021-07-01 15:14:34, 7464727, 7478456, 0.3622143, -1.6194, 51.71587, 26.03609, 100.7, 8.23, nan, nan
$2021-07-01 15:14:36, 7464060, 7477871, 0.3619435, -0.7945, 51.44732, 26.04944, 100.4, 8.24, nan, nan
$2021-07-01 15:14:38, 7463349, 7477165, 0.3619736, 0.0870, 51.24437, 26.04944, 100.7, 8.24, nan, nan
$2021-07-01 15:14:40, 7462591, 7476455, 0.3618173, -0.4550, 51.01244, 26.03609, 100.7, 8.23, nan, nan
$2021-07-01 15:14:42, 7461881, 7475789, 0.3617511, -0.1941, 50.93767, 26.04944, 100.4, 8.24, nan, nan
$2021-07-01 15:14:44, 7461097, 7475019, 0.3617091, -0.1226, 50.89189, 26.07614, 100.4, 8.24, nan, nan
$2021-07-01 15:14:46, 7460371, 7474359, 0.3616428, -0.1934, 50.84154, 26.09216, 100.4, 8.24, nan, nan
$2021-07-01 15:14:48, 7459670, 7473631, 0.3616489, 0.0177, 50.89342, 26.09216, 100.7, 8.24, nan, nan
$2021-07-01 15:14:50, 7458889, 7472961, 0.3616549, 0.0174, 50.93309, 26.10819, 100.4, 8.24, nan, nan
$2021-07-01 15:14:52, 7458292, 7472371, 0.3615706, -0.2470, 51.07195, 26.10819, 100.7, 8.23, nan, nan
$2021-07-01 15:14:54, 7457505, 7471622, 0.3614564, -0.3299, 51.02617, 26.13489, 100.7, 8.24, nan, nan
$2021-07-01 15:14:56, 7456773, 7470891, 0.3614865, 0.0873, 51.07500, 26.12154, 100.7, 8.23, nan, nan
$2021-07-01 15:14:58, 7456051, 7470086, 0.3618835, 1.1549, 51.06127, 26.10819, 100.7, 8.23, nan, nan
$2021-07-01 15:15:00, 7455290, 7469432, 0.3623947, 1.4845, 51.09331, 26.16426, 100.7, 8.23, nan, nan
$2021-07-01 15:15:02, 7454643, 7468824, 0.3626233, 0.6649, 51.30846, 26.15091, 100.7, 8.23, nan, nan
$2021-07-01 15:15:04, 7453936, 7468156, 0.3624308, -0.5593, 51.22149, 26.15091, 100.7, 8.23, nan, nan
$2021-07-01 15:15:06, 7453191, 7467398, 0.3622865, -0.4233, 51.23522, 26.16426, 100.4, 8.23, nan, nan
$2021-07-01 15:15:08, 7452533, 7466808, 0.3623587, 0.2077, 51.30083, 26.19097, 100.7, 8.23, nan, nan
$2021-07-01 15:15:10, 7451793, 7466079, 0.3624248, 0.1926, 51.30083, 26.19097, 100.7, 8.23, nan, nan
$2021-07-01 15:15:12, 7451128, 7465464, 0.3624008, -0.0697, 51.31762, 26.20699, 100.7, 8.23, nan, nan
$2021-07-01 15:15:14, 7450495, 7464887, 0.3622925, -0.3165, 51.26726, 26.20699, 100.7, 8.23, nan, nan
$2021-07-01 15:15:16, 7449859, 7464293, 0.3621241, -0.4859, 51.20470, 26.23369, 100.7, 8.23, nan, nan
$2021-07-01 15:15:18, 7449222, 7463686, 0.3619376, -0.5411, 51.07653, 26.23369, 100.7, 8.23, nan, nan
$2021-07-01 15:15:20, 7448484, 7462916, 0.3619736, 0.1053, 50.91173, 26.22034, 100.7, 8.23, nan, nan
$2021-07-01 15:15:22, 7447671, 7462124, 0.3622745, 0.8697, 50.81102, 26.24704, 100.7, 8.23, nan, nan
$2021-07-01 15:15:24, 7447031, 7461520, 0.3626112, 0.9826, 51.02160, 26.27642, 100.7, 8.23, nan, nan
$2021-07-01 15:15:26, 7446363, 7460872, 0.3627796, 0.4921, 51.02007, 26.26306, 100.7, 8.23, nan, nan
$2021-07-01 15:15:28, 7445725, 7460252, 0.3628458, 0.1917, 51.06737, 26.24704, 101.0, 8.23, nan, nan
$2021-07-01 15:15:30, 7444905, 7459395, 0.3630624, 0.6267, 51.02007, 26.26306, 100.7, 8.23, nan, nan
$2021-07-01 15:15:32, 7444406, 7459041, 0.3632427, 0.5269, 51.11162, 26.28977, 100.7, 8.23, nan, nan
$2021-07-01 15:15:34, 7443776, 7458399, 0.3631105, -0.3865, 51.06127, 26.28977, 100.7, 8.23, nan, nan
$2021-07-01 15:15:36, 7443117, 7457799, 0.3628518, -0.7574, 50.85680, 26.30312, 100.7, 8.23, nan, nan
$2021-07-01 15:15:38, 7442447, 7457197, 0.3626053, -0.7147, 50.74235, 26.30312, 100.7, 8.23, nan, nan
$2021-07-01 15:15:40, 7441768, 7456482, 0.3624849, -0.3513, 50.62791, 26.30312, 100.7, 8.23, nan, nan
$2021-07-01 15:15:42, 7440909, 7455589, 0.3626895, 0.5953, 50.56687, 26.31915, 100.7, 8.23, nan, nan
$2021-07-01 15:15:44, 7440262, 7455046, 0.3630624, 1.0774, 50.96513, 26.33250, 101.0, 8.23, nan, nan
$2021-07-01 15:15:46, 7439732, 7454563, 0.3631045, 0.1221, 51.07958, 26.33250, 100.7, 8.23, nan, nan
$2021-07-01 15:15:48, 7439055, 7453814, 0.3629902, -0.3351, 51.00634, 26.34585, 100.7, 8.23, nan, nan
$2021-07-01 15:15:50, 7438388, 7453248, 0.3630805, 0.2640, 50.98040, 26.35920, 100.7, 8.23, nan, nan
$2021-07-01 15:15:52, 7437804, 7452709, 0.3631346, 0.1573, 50.97887, 26.34585, 100.7, 8.23, nan, nan
$2021-07-01 15:15:54, 7437237, 7452190, 0.3628699, -0.7727, 50.81407, 26.35920, 100.7, 8.23, nan, nan
$2021-07-01 15:15:56, 7436611, 7451591, 0.3625090, -1.0529, 50.73778, 26.35920, 101.0, 8.23, nan, nan
$2021-07-01 15:15:58, 7435859, 7450794, 0.3625210, 0.0350, 50.56230, 26.37522, 100.7, 8.23, nan, nan
$2021-07-01 15:16:00, 7435246, 7450257, 0.3627436, 0.6474, 50.55314, 26.40193, 100.7, 8.23, nan, nan
$2021-07-01 15:16:02, 7434303, 7449064, 0.3634112, 1.9488, 50.66453, 26.37522, 100.7, 8.23, nan, nan
$2021-07-01 15:16:04, 7433843, 7448946, 0.3639886, 1.6646, 51.14061, 26.40193, 101.0, 8.23, nan, nan
$2021-07-01 15:16:06, 7433187, 7448257, 0.3638322, -0.4535, 51.10704, 26.43130, 101.0, 8.23, nan, nan
$2021-07-01 15:16:08, 7432622, 7447711, 0.3632248, -1.7693, 51.01549, 26.41528, 100.7, 8.23, nan, nan
$2021-07-01 15:16:10, 7432003, 7447160, 0.3628458, -1.1023, 50.89189, 26.44465, 101.0, 8.23, nan, nan
$2021-07-01 15:16:12, 7431360, 7446438, 0.3629902, 0.4201, 50.75914, 26.41528, 101.0, 8.23, nan, nan
$2021-07-01 15:16:14, 7430443, 7445539, 0.3633270, 0.9793, 50.65996, 26.43130, 101.0, 8.23, nan, nan
$2021-07-01 15:16:16, 7429956, 7445180, 0.3635495, 0.6493, 51.10857, 26.44465, 101.0, 8.23, nan, nan
$2021-07-01 15:16:18, 7429544, 7444814, 0.3632669, -0.8258, 51.17571, 26.45800, 100.7, 8.23, nan, nan
$2021-07-01 15:16:20, 7428892, 7444116, 0.3628397, -1.2413, 50.85680, 26.47135, 100.7, 8.23, nan, nan
$2021-07-01 15:16:22, 7428267, 7443579, 0.3627676, -0.2104, 50.66759, 26.48737, 101.0, 8.23, nan, nan
$2021-07-01 15:16:24, 7427667, 7442978, 0.3628338, 0.1916, 50.53941, 26.48737, 101.0, 8.23, nan, nan
$2021-07-01 15:16:26, 7427064, 7442395, 0.3628157, -0.0528, 50.44785, 26.47135, 100.7, 8.23, nan, nan
$2021-07-01 15:16:28, 7426425, 7441826, 0.3627496, -0.1904, 50.36088, 26.48737, 101.0, 8.23, nan, nan
$2021-07-01 15:16:30, 7425797, 7441209, 0.3626233, -0.3657, 50.34715, 26.48737, 101.0, 8.23, nan, nan
$2021-07-01 15:16:32, 7425286, 7440843, 0.3622564, -1.0385, 50.26017, 26.50073, 101.0, 8.23, nan, nan
$2021-07-01 15:16:34, 7424397, 7439702, 0.3622263, -0.0876, 50.12283, 26.52743, 101.0, 8.23, nan, nan
$2021-07-01 15:16:36, 7423822, 7439421, 0.3624669, 0.6971, 50.34410, 26.55680, 101.0, 8.23, nan, nan
$2021-07-01 15:16:38, 7423392, 7439002, 0.3623345, -0.3860, 50.57145, 26.52743, 100.4, 8.23, nan, nan
$2021-07-01 15:16:40, 7422945, 7438612, 0.3616249, -2.0364, 50.35325, 26.52743, 100.7, 8.23, nan, nan
$2021-07-01 15:16:42, 7422348, 7438025, 0.3610475, -1.6978, 49.95804, 26.54345, 100.4, 8.23, nan, nan
$2021-07-01 15:16:44, 7421739, 7437425, 0.3610173, -0.0876, 49.73983, 26.54345, 100.4, 8.23, nan, nan
$2021-07-01 15:16:46, 7421072, 7436832, 0.3610053, -0.0356, 49.61624, 26.57015, 100.4, 8.23, nan, nan
$2021-07-01 15:16:48, 7420520, 7436295, 0.3608971, -0.3171, 49.43618, 26.57015, 100.4, 8.23, nan, nan
$2021-07-01 15:16:50, 7419809, 7435535, 0.3609151, 0.0524, 49.39041, 26.58617, 100.4, 8.23, nan, nan
$2021-07-01 15:16:52, 7419184, 7434985, 0.3611256, 0.6161, 49.49264, 26.59953, 100.4, 8.23, nan, nan
$2021-07-01 15:16:54, 7418644, 7434464, 0.3613000, 0.4956, 49.66049, 26.59953, 100.4, 8.23, nan, nan
$2021-07-01 15:16:57, 7417703, 7433301, 0.3617511, 1.3253, 49.68338, 26.58617, 100.4, 8.23, nan, nan
$2021-07-01 15:16:59, 7417106, 7432954, 0.3624067, 1.9153, 50.17319, 26.59953, 100.4, 8.23, nan, nan
$2021-07-01 15:17:01, 7416692, 7432456, 0.3627496, 1.0058, 50.60503, 26.59953, 100.4, 8.23, nan, nan
$2021-07-01 15:17:03, 7415820, 7431454, 0.3630022, 0.7414, 50.44785, 26.64226, 100.4, 8.23, nan, nan
$2021-07-01 15:17:04, 7415029, 7430741, 0.3637300, 2.0111, 50.83238, 26.65561, 100.4, 8.23, nan, nan
$2021-07-01 15:17:07, 7414720, 7430487, 0.3643916, 1.9241, 51.48242, 26.62624, 100.7, 8.23, nan, nan
$2021-07-01 15:17:09, 7414183, 7430017, 0.3642292, -0.4763, 51.36797, 26.65561, 100.4, 8.23, nan, nan
$2021-07-01 15:17:11, 7413589, 7429448, 0.3637722, -1.3320, 51.20012, 26.62624, 100.4, 8.23, nan, nan
$2021-07-01 15:17:13, 7413280, 7429315, 0.3632067, -1.6507, 51.04753, 26.64226, 100.4, 8.23, nan, nan
$2021-07-01 15:17:15, 7412780, 7428756, 0.3625811, -1.8235, 50.57755, 26.67163, 100.4, 8.23, nan, nan
$2021-07-01 15:17:17, 7412153, 7428128, 0.3623166, -0.7399, 50.13199, 26.68498, 100.7, 8.23, nan, nan
$2021-07-01 15:17:19, 7411173, 7426954, 0.3630022, 2.0065, 49.90005, 26.68498, 100.4, 8.23, nan, nan
$2021-07-01 15:17:21, 7410670, 7426656, 0.3639886, 2.8593, 50.38835, 26.68498, 100.7, 8.23, nan, nan
$2021-07-01 15:17:23, 7410272, 7426385, 0.3640066, 0.0525, 50.74693, 26.70100, 100.4, 8.23, nan, nan
$2021-07-01 15:17:25, 7409808, 7425912, 0.3631586, -2.4393, 50.60503, 26.68498, 100.7, 8.23, nan, nan
$2021-07-01 15:17:27, 7409136, 7425100, 0.3627977, -1.0577, 50.21440, 26.72771, 100.7, 8.23, nan, nan
$2021-07-01 15:17:29, 7408359, 7424459, 0.3633210, 1.5131, 50.08316, 26.71436, 100.7, 8.23, nan, nan
$2021-07-01 15:17:31, 7408032, 7424266, 0.3634353, 0.3288, 50.44480, 26.72771, 100.7, 8.23, nan, nan
$2021-07-01 15:17:33, 7407609, 7423802, 0.3628759, -1.6232, 50.27848, 26.72771, 100.4, 8.23, nan, nan
$2021-07-01 15:17:35, 7406894, 7423083, 0.3625571, -0.8938, 49.93668, 26.75708, 100.4, 8.23, nan, nan
$2021-07-01 15:17:37, 7406371, 7422634, 0.3626775, 0.3541, 49.93668, 26.75708, 100.4, 8.23, nan, nan
$2021-07-01 15:17:39, 7405843, 7422168, 0.3626233, -0.1514, 49.89547, 26.74106, 100.7, 8.23, nan, nan
$2021-07-01 15:17:41, 7405295, 7421638, 0.3622804, -1.0022, 49.71542, 26.72771, 100.4, 8.23, nan, nan
$2021-07-01 15:17:43, 7404749, 7421121, 0.3619978, -0.8169, 49.60250, 26.75708, 100.7, 8.23, nan, nan
$2021-07-01 15:17:45, 7404243, 7420689, 0.3618414, -0.4548, 49.50180, 26.77043, 100.7, 8.23, nan, nan
$2021-07-01 15:17:47, 7403720, 7420102, 0.3617692, -0.2112, 49.38735, 26.77043, 100.7, 8.23, nan, nan
$2021-07-01 15:17:49, 7402754, 7418944, 0.3623766, 1.7603, 49.16152, 26.79713, 100.7, 8.23, nan, nan
$2021-07-01 15:17:51, 7402279, 7418758, 0.3631766, 2.3162, 49.79782, 26.75708, 100.7, 8.23, nan, nan
$2021-07-01 15:17:53, 7401619, 7417764, 0.3637962, 1.8029, 50.08163, 26.78378, 100.7, 8.23, nan, nan
$2021-07-01 15:17:55, 7400781, 7416982, 0.3645540, 2.2022, 50.28764, 26.79713, 100.7, 8.23, nan, nan
$2021-07-01 15:17:57, 7400247, 7416453, 0.3655645, 2.9374, 51.08110, 26.79713, 100.7, 8.23, nan, nan
$2021-07-01 15:17:59, 7399854, 7416197, 0.3659794, 1.2100, 51.47936, 26.79713, 100.4, 8.23, nan, nan
$2021-07-01 15:18:01, 7399554, 7415941, 0.3654262, -1.5646, 51.44732, 26.83986, 100.7, 8.23, nan, nan
$2021-07-01 15:18:03, 7399082, 7415448, 0.3649389, -1.4118, 51.04906, 26.83986, 100.7, 8.23, nan, nan
$2021-07-01 15:18:05, 7398434, 7414808, 0.3648608, -0.2277, 50.61418, 26.82651, 100.7, 8.23, nan, nan
$2021-07-01 15:18:07, 7397917, 7414378, 0.3649570, 0.2818, 50.58977, 26.83986, 100.4, 8.23, nan, nan
$2021-07-01 15:18:09, 7396980, 7413229, 0.3652637, 0.8931, 50.46311, 26.85321, 100.7, 8.23, nan, nan
$2021-07-01 15:18:11, 7396671, 7413158, 0.3656547, 1.1344, 50.94835, 26.85321, 100.7, 8.23, nan, nan
$2021-07-01 15:18:13, 7396080, 7412586, 0.3656547, 0.0000, 51.01549, 26.86923, 100.7, 8.23, nan, nan
$2021-07-01 15:18:15, 7395611, 7412114, 0.3651916, -1.3511, 51.02922, 26.88258, 100.7, 8.23, nan, nan
$2021-07-01 15:18:17, 7395214, 7411698, 0.3650291, -0.4744, 50.99413, 26.89594, 100.4, 8.23, nan, nan
$2021-07-01 15:18:19, 7393996, 7410122, 0.3661298, 3.2349, 50.62181, 26.88258, 100.4, 8.23, nan, nan
$2021-07-01 15:18:21, 7393890, 7410638, 0.3670020, 2.5539, 51.57092, 26.90929, 100.7, 8.23, nan, nan
$2021-07-01 15:18:23, 7393861, 7410495, 0.3663223, -1.9784, 51.78913, 26.89594, 100.7, 8.23, nan, nan
$2021-07-01 15:18:25, 7393449, 7410105, 0.3649089, -4.1211, 50.79271, 26.92531, 100.7, 8.23, nan, nan
$2021-07-01 15:18:27, 7393001, 7409709, 0.3643315, -1.6810, 50.05875, 26.89594, 100.7, 8.23, nan, nan
$2021-07-01 15:18:29, 7392481, 7409214, 0.3644698, 0.4016, 49.45602, 26.90929, 100.4, 8.23, nan, nan
$2021-07-01 15:18:31, 7391683, 7408171, 0.3648367, 1.0781, 49.14931, 26.89594, 100.4, 8.23, nan, nan
$2021-07-01 15:18:33, 7390881, 7407513, 0.3657569, 2.6817, 49.19967, 26.90929, 100.4, 8.23, nan, nan
$2021-07-01 15:18:35, 7390432, 7407173, 0.3662381, 1.4042, 49.97635, 26.93866, 100.4, 8.23, nan, nan
$2021-07-01 15:18:37, 7390034, 7406844, 0.3656547, -1.6995, 50.29374, 26.93866, 100.4, 8.23, nan, nan
$2021-07-01 15:18:39, 7389660, 7406472, 0.3647945, -2.4620, 50.29679, 26.95201, 100.7, 8.23, nan, nan
$2021-07-01 15:18:41, 7389287, 7406181, 0.3643916, -1.1803, 49.99008, 26.95201, 100.4, 8.23, nan, nan
$2021-07-01 15:18:43, 7388783, 7405672, 0.3641810, -0.5906, 49.61929, 26.96536, 100.4, 8.22, nan, nan
$2021-07-01 15:18:45, 7388229, 7405155, 0.3640728, -0.3140, 49.32632, 26.96536, 100.4, 8.22, nan, nan
$2021-07-01 15:18:47, 7387767, 7404731, 0.3640007, -0.2118, 49.17525, 26.98138, 100.4, 8.23, nan, nan
$2021-07-01 15:18:49, 7387229, 7404114, 0.3641150, 0.3341, 49.02113, 26.99474, 100.4, 8.23, nan, nan
$2021-07-01 15:18:51, 7386621, 7403574, 0.3644037, 0.8468, 48.98299, 26.99474, 100.7, 8.23, nan, nan
$2021-07-01 15:18:53, 7385513, 7401984, 0.3656727, 3.7022, 49.16305, 26.99474, 100.7, 8.23, nan, nan
$2021-07-01 15:18:55, 7384906, 7401776, 0.3673267, 4.8051, 50.11520, 27.02144, 100.7, 8.23, nan, nan
$2021-07-01 15:18:57, 7384706, 7401477, 0.3681206, 2.3036, 51.24132, 27.02144, 100.4, 8.22, nan, nan
$2021-07-01 15:18:59, 7384171, 7401004, 0.3678861, -0.6864, 51.14061, 27.02144, 100.7, 8.22, nan, nan
$2021-07-01 15:19:01, 7383737, 7400609, 0.3675132, -1.0864, 51.14977, 26.99474, 100.7, 8.22, nan, nan
$2021-07-01 15:19:03, 7383302, 7400239, 0.3674048, -0.3160, 51.03533, 27.02144, 100.7, 8.22, nan, nan
$2021-07-01 15:19:05, 7382961, 7399975, 0.3668877, -1.5028, 50.85985, 27.02144, 100.4, 8.22, nan, nan
$2021-07-01 15:19:07, 7382575, 7399643, 0.3663102, -1.6719, 50.48905, 27.03746, 100.7, 8.22, nan, nan
$2021-07-01 15:19:09, 7382174, 7399271, 0.3657991, -1.4944, 50.00076, 27.03746, 100.4, 8.23, nan, nan
$2021-07-01 15:19:11, 7381715, 7398841, 0.3654862, -0.9170, 49.54147, 27.05081, 100.7, 8.22, nan, nan
$2021-07-01 15:19:13, 7381216, 7398387, 0.3652997, -0.5414, 49.27291, 27.06416, 100.7, 8.23, nan, nan
$2021-07-01 15:19:15, 7380711, 7397904, 0.3651434, -0.4598, 49.09438, 27.06416, 100.4, 8.22, nan, nan
$2021-07-01 15:19:17, 7380179, 7397395, 0.3650051, -0.4028, 48.94179, 27.06416, 100.7, 8.22, nan, nan
$2021-07-01 15:19:19, 7379692, 7396988, 0.3648186, -0.5438, 49.03029, 27.06416, 100.7, 8.22, nan, nan
$2021-07-01 15:19:21, 7379238, 7396507, 0.3646141, -0.5855, 48.98451, 27.10689, 100.4, 8.22, nan, nan
$2021-07-01 15:19:23, 7378734, 7396086, 0.3644338, -0.5227, 49.01045, 27.09354, 100.4, 8.22, nan, nan
$2021-07-01 15:19:26, 7378257, 7395662, 0.3641931, -0.6783, 48.90974, 27.10689, 100.4, 8.22, nan, nan
$2021-07-01 15:19:28, 7377762, 7395198, 0.3638262, -1.0517, 48.76783, 27.10689, 100.7, 8.22, nan, nan
$2021-07-01 15:19:30, 7377282, 7394725, 0.3635495, -0.8121, 48.66407, 27.10689, 100.4, 8.22, nan, nan
$2021-07-01 15:19:32, 7376708, 7394103, 0.3636699, 0.3522, 48.58015, 27.13626, 100.4, 8.22, nan, nan
$2021-07-01 15:19:34, 7376188, 7393605, 0.3640848, 1.2171, 48.65339, 27.12024, 100.4, 8.22, nan, nan
$2021-07-01 15:19:36, 7375636, 7393067, 0.3645179, 1.2678, 48.77394, 27.14961, 100.4, 8.22, nan, nan
$2021-07-01 15:19:38, 7375249, 7392751, 0.3646141, 0.2812, 48.98909, 27.13626, 100.7, 8.22, nan, nan
$2021-07-01 15:19:40, 7374847, 7392393, 0.3643916, -0.6520, 48.97536, 27.13626, 100.4, 8.22, nan, nan
$2021-07-01 15:19:42, 7374304, 7391829, 0.3641570, -0.6810, 48.73274, 27.14961, 100.7, 8.22, nan, nan
$2021-07-01 15:19:44, 7373758, 7391284, 0.3642111, 0.1588, 48.65950, 27.16296, 100.4, 8.22, nan, nan
$2021-07-01 15:19:46, 7373252, 7390785, 0.3645118, 0.8844, 48.73579, 27.16296, 100.4, 8.22, nan, nan
$2021-07-01 15:19:48, 7372782, 7390340, 0.3647345, 0.6471, 48.87770, 27.16296, 100.7, 8.22, nan, nan
$2021-07-01 15:19:50, 7372313, 7389912, 0.3647945, 0.1757, 48.86549, 27.17632, 100.7, 8.22, nan, nan
$2021-07-01 15:19:52, 7371848, 7389509, 0.3646202, -0.5069, 48.87770, 27.16296, 100.7, 8.22, nan, nan
$2021-07-01 15:19:54, 7371434, 7389089, 0.3643616, -0.7515, 48.80445, 27.19234, 100.7, 8.22, nan, nan
$2021-07-01 15:19:56, 7370950, 7388618, 0.3642593, -0.2974, 48.67781, 27.20836, 100.7, 8.22, nan, nan
$2021-07-01 15:19:58, 7370421, 7388136, 0.3642894, 0.0878, 48.58931, 27.20836, 100.4, 8.22, nan, nan
$2021-07-01 15:20:00, 7369976, 7387764, 0.3641510, -0.4018, 48.64119, 27.22171, 100.7, 8.22, nan, nan
$2021-07-01 15:20:02, 7369603, 7387441, 0.3637722, -1.0953, 48.51301, 27.22171, 100.4, 8.22, nan, nan
$2021-07-01 15:20:04, 7369183, 7386989, 0.3634713, -0.8810, 48.34669, 27.22171, 100.7, 8.22, nan, nan
$2021-07-01 15:20:06, 7368710, 7386521, 0.3635736, 0.2943, 48.16968, 27.23506, 100.7, 8.22, nan, nan
$2021-07-01 15:20:08, 7368247, 7386054, 0.3639164, 0.9918, 48.04151, 27.23506, 100.4, 8.22, nan, nan
$2021-07-01 15:20:10, 7367757, 7385593, 0.3642352, 0.9335, 47.94995, 27.23506, 100.4, 8.22, nan, nan
$2021-07-01 15:20:12, 7367268, 7385080, 0.3644517, 0.6233, 47.85840, 27.22171, 100.4, 8.22, nan, nan
$2021-07-01 15:20:14, 7366682, 7384496, 0.3647103, 0.7360, 47.92553, 27.23506, 100.7, 8.22, nan, nan
$2021-07-01 15:20:16, 7366181, 7383999, 0.3650171, 0.8997, 48.04151, 27.23506, 100.4, 8.22, nan, nan
$2021-07-01 15:20:18, 7365651, 7383531, 0.3651855, 0.4923, 48.17274, 27.26444, 100.4, 8.22, nan, nan
$2021-07-01 15:20:20, 7365265, 7383153, 0.3651254, -0.1697, 48.32838, 27.26444, 100.4, 8.22, nan, nan
$2021-07-01 15:20:22, 7364740, 7382647, 0.3650291, -0.2795, 48.32990, 27.27779, 100.7, 8.22, nan, nan
$2021-07-01 15:20:24, 7364313, 7382257, 0.3650111, -0.0528, 48.43061, 27.27779, 100.4, 8.22, nan, nan
$2021-07-01 15:20:26, 7363866, 7381871, 0.3648727, -0.4011, 48.36957, 27.30717, 100.4, 8.22, nan, nan
$2021-07-01 15:20:28, 7363431, 7381464, 0.3646081, -0.7451, 48.21088, 27.27779, 100.4, 8.22, nan, nan
$2021-07-01 15:20:30, 7362962, 7380998, 0.3643916, -0.6343, 48.07355, 27.29115, 100.4, 8.22, nan, nan
$2021-07-01 15:20:32, 7362470, 7380525, 0.3643435, -0.1400, 47.98200, 27.29115, 100.4, 8.22, nan, nan
$2021-07-01 15:20:34, 7362082, 7380134, 0.3644397, 0.2807, 47.98505, 27.30717, 100.4, 8.22, nan, nan
$2021-07-01 15:20:36, 7361313, 7379075, 0.3651916, 2.1913, 47.82177, 27.32052, 100.4, 8.22, nan, nan
$2021-07-01 15:20:38, 7360633, 7378546, 0.3665208, 3.8741, 48.19257, 27.32052, 100.4, 8.22, nan, nan
$2021-07-01 15:20:40, 7360262, 7378144, 0.3675251, 2.9282, 49.03792, 27.30717, 100.4, 8.22, nan, nan
$2021-07-01 15:20:42, 7359812, 7377751, 0.3676816, 0.4594, 49.27138, 27.33387, 100.4, 8.22, nan, nan
$2021-07-01 15:20:44, 7359499, 7377556, 0.3672905, -1.1235, 49.46517, 27.33387, 100.4, 8.22, nan, nan
$2021-07-01 15:20:46, 7359162, 7377292, 0.3666350, -1.9120, 49.23476, 27.33387, 100.4, 8.22, nan, nan
$2021-07-01 15:20:48, 7358804, 7376964, 0.3658170, -2.3762, 48.81361, 27.34722, 100.7, 8.22, nan, nan
$2021-07-01 15:20:50, 7358330, 7376429, 0.3655043, -0.9160, 48.38941, 27.36324, 100.4, 8.22, nan, nan
$2021-07-01 15:20:52, 7357836, 7376001, 0.3656607, 0.4540, 48.23377, 27.34722, 100.4, 8.22, nan, nan
$2021-07-01 15:20:54, 7357316, 7375353, 0.3660998, 1.2842, 48.17274, 27.36324, 100.7, 8.22, nan, nan
$2021-07-01 15:20:56, 7356493, 7374506, 0.3668334, 2.1301, 48.24140, 27.38995, 100.7, 8.22, nan, nan
$2021-07-01 15:20:58, 7355926, 7373924, 0.3677297, 2.6130, 49.04707, 27.37659, 100.7, 8.22, nan, nan
$2021-07-01 15:21:00, 7355606, 7373702, 0.3682289, 1.4657, 49.67575, 27.37659, 100.4, 8.22, nan, nan
$2021-07-01 15:21:02, 7355130, 7373065, 0.3684454, 0.6310, 49.84359, 27.37659, 100.7, 8.22, nan, nan
$2021-07-01 15:21:04, 7354643, 7372693, 0.3688002, 1.0381, 49.88479, 27.38995, 100.7, 8.22, nan, nan
$2021-07-01 15:21:06, 7354259, 7372332, 0.3690227, 0.6440, 50.09995, 27.37659, 100.7, 8.22, nan, nan
$2021-07-01 15:21:08, 7353885, 7372034, 0.3687521, -0.7855, 50.01297, 27.38995, 100.7, 8.22, nan, nan
$2021-07-01 15:21:10, 7353628, 7371905, 0.3680243, -2.1204, 49.87258, 27.40330, 100.7, 8.22, nan, nan
$2021-07-01 15:21:12, 7353274, 7371500, 0.3673568, -1.9513, 49.50027, 27.38995, 100.4, 8.22, nan, nan
$2021-07-01 15:21:14, 7352719, 7371007, 0.3669658, -1.1354, 48.89601, 27.40330, 100.7, 8.22, nan, nan
$2021-07-01 15:21:16, 7352345, 7370656, 0.3668756, -0.2625, 48.87465, 27.41932, 100.7, 8.22, nan, nan
$2021-07-01 15:21:18, 7351955, 7370290, 0.3667974, -0.2273, 48.79683, 27.41932, 100.7, 8.22, nan, nan
$2021-07-01 15:21:20, 7351541, 7369939, 0.3665809, -0.6287, 48.60762, 27.43267, 100.7, 8.22, nan, nan
$2021-07-01 15:21:22, 7351230, 7369676, 0.3662741, -0.8706, 48.45655, 27.45937, 100.7, 8.22, nan, nan
$2021-07-01 15:21:24, 7350698, 7369140, 0.3659675, -0.8747, 48.16968, 27.43267, 100.4, 8.22, nan, nan
$2021-07-01 15:21:26, 7350281, 7368789, 0.3657509, -0.6341, 48.15900, 27.44602, 100.4, 8.22, nan, nan
$2021-07-01 15:21:28, 7349848, 7368378, -0.0002045, -0.6341, 47.99115, 27.44602, 100.4, 8.22, nan, nan
$2021-07-01 15:21:30, 7349346, 7367690, 0.0000120, 0.6258, 47.84009, 27.45937, 100.7, 8.22, nan, nan
$2021-07-01 15:21:32, 7348429, 7366799, 0.0008540, 2.4493, 47.80194, 27.45937, 100.4, 8.22, nan, nan
$2021-07-01 15:21:34, 7347931, 7366186, 0.0020569, 3.5275, 48.68696, 27.45937, 100.7, 8.22, nan, nan
$2021-07-01 15:21:36, 7347575, 7366067, 0.0025982, 1.5851, 49.49722, 27.47540, 100.4, 8.22, nan, nan
$2021-07-01 15:21:38, 7347407, 7365954, 0.0021051, -1.4363, 49.70321, 27.48875, 100.4, 8.22, nan, nan
$2021-07-01 15:21:40, 7347116, 7365695, 0.0011187, -2.8544, 49.34463, 27.47540, 100.7, 8.22, nan, nan
$2021-07-01 15:21:42, 7346761, 7365337, 0.0004752, -1.8740, 48.85939, 27.48875, 100.7, 8.22, nan, nan
$2021-07-01 15:21:44, 7346296, 7364848, 0.0005293, 0.1569, 48.51148, 27.50210, 100.7, 8.22, nan, nan
$2021-07-01 15:21:46, 7345880, 7364488, 0.0007338, 0.5926, 48.24140, 27.48875, 100.7, 8.22, nan, nan
$2021-07-01 15:21:48, 7345503, 7364147, 0.0007639, 0.0878, 48.19257, 27.51545, 100.7, 8.22, nan, nan
$2021-07-01 15:21:50, 7345111, 7363765, 0.0005894, -0.5050, 48.10407, 27.50210, 100.7, 8.22, nan, nan
$2021-07-01 15:21:52, 7344631, 7363256, 0.0005533, -0.1046, 47.92553, 27.53147, 100.7, 8.22, nan, nan
$2021-07-01 15:21:54, 7344234, 7362919, 0.0007037, 0.4407, 47.88128, 27.48875, 100.7, 8.22, nan, nan
$2021-07-01 15:21:56, 7343857, 7362628, 0.0005894, -0.3340, 47.95300, 27.53147, 100.7, 8.22, nan, nan
$2021-07-01 15:21:58, 7343009, 7361250, 0.0012450, 1.9186, 47.82483, 27.53147, 100.7, 8.22, nan, nan
$2021-07-01 15:22:00, 7342155, 7360646, 0.0029410, 4.9607, 48.33906, 27.54482, 100.7, 8.22, nan, nan
$2021-07-01 15:22:02, 7341994, 7360537, 0.0042462, 3.7643, 49.72457, 27.54482, 100.7, 8.22, nan, nan
$2021-07-01 15:22:04, 7341602, 7360166, 0.0040898, -0.4567, 50.00992, 27.55817, 100.7, 8.22, nan, nan
$2021-07-01 15:22:06, 7341442, 7360202, 0.0030974, -2.8839, 50.08621, 27.55817, 100.7, 8.22, nan, nan
$2021-07-01 15:22:08, 7341218, 7359952, 0.0022675, -2.4001, 49.67880, 27.57153, 100.7, 8.22, nan, nan
$2021-07-01 15:22:10, 7340788, 7359599, 0.0015577, -2.0777, 48.89296, 27.55817, 100.7, 8.22, nan, nan
$2021-07-01 15:22:12, 7340461, 7359319, 0.0010886, -1.3592, 48.52064, 27.57153, 100.7, 8.22, nan, nan
$2021-07-01 15:22:14, 7340127, 7359025, 0.0007218, -1.0701, 48.13306, 27.55817, 101.0, 8.22, nan, nan
