$2021-07-01 15:29:14, 7234646, 7236154, 0.0646235, 143.9926, 51.25963, 26.79713, 99.3, 8.23, nan, nan
$2021-07-01 15:29:18, 7233929, 7235326, 0.0337599, -90.6872, 51.57092, 26.81316, 99.7, 8.23, nan, nan
$2021-07-01 15:29:20, 7233199, 7234334, 0.0751415, 117.7428, 52.10956, 26.81316, 99.7, 8.23, nan, nan
$2021-07-01 15:29:22, 7232623, 7233716, 0.1021230, 78.5808, 52.71077, 26.83986, 100.0, 8.22, nan, nan
$2021-07-01 15:29:24, 7232285, 7232996, 0.1211858, 55.6444, 53.37759, 26.83986, 100.4, 8.22, nan, nan
$2021-07-01 15:29:26, 7231737, 7232386, 0.1359746, 42.9400, 53.43404, 26.83986, 100.4, 8.22, nan, nan
$2021-07-01 15:29:29, 7231551, 7232080, 0.1476443, 34.0767, 53.74381, 26.83986, 100.4, 8.22, nan, nan
$2021-07-01 15:29:31, 7231222, 7231995, 0.1560220, 24.5310, 53.60342, 26.85321, 100.4, 8.22, nan, nan
$2021-07-01 15:29:33, 7231242, 7231745, 0.1619429, 17.3027, 53.50729, 26.85321, 100.4, 8.22, nan, nan
$2021-07-01 15:29:35, 7230282, 7230288, 0.1681757, 18.1795, 52.59938, 26.88258, 100.4, 8.22, nan, nan
$2021-07-01 15:29:37, 7230326, 7230611, 0.1749785, 19.8971, 53.05409, 26.90929, 100.7, 8.22, nan, nan
$2021-07-01 15:29:39, 7229979, 7230377, 0.1799497, 14.5348, 52.84199, 26.92531, 100.7, 8.22, nan, nan
$2021-07-01 15:29:41, 7229484, 7229429, 0.1831377, 9.3274, 52.60548, 26.92531, 100.7, 8.22, nan, nan
$2021-07-01 15:29:43, 7229133, 7229148, 0.1868718, 10.8394, 52.46356, 26.93866, 100.7, 8.22, nan, nan
$2021-07-01 15:29:45, 7228649, 7228556, 0.1911881, 12.5897, 52.38117, 26.93866, 101.0, 8.22, nan, nan
$2021-07-01 15:29:47, 7228414, 7228353, 0.1944477, 9.4632, 52.43457, 26.96536, 101.0, 8.22, nan, nan
$2021-07-01 15:29:49, 7228137, 7228102, 0.1966388, 6.3416, 52.17517, 26.99474, 101.0, 8.22, nan, nan
$2021-07-01 15:29:51, 7227638, 7227182, 0.1992919, 7.7414, 51.69909, 26.99474, 101.0, 8.22, nan, nan
$2021-07-01 15:29:53, 7226290, 7225490, 0.2035536, 11.8138, 51.27794, 26.99474, 101.0, 8.22, nan, nan
$2021-07-01 15:29:55, 7225875, 7225405, 0.2081153, 13.3290, 52.46662, 27.03746, 100.7, 8.22, nan, nan
$2021-07-01 15:29:57, 7225327, 7224607, 0.2110143, 8.4320, 52.95644, 26.96536, 100.7, 8.22, nan, nan
$2021-07-01 15:29:59, 7224552, 7223662, 0.2129828, 5.5240, 53.16701, 27.02144, 101.0, 8.22, nan, nan
$2021-07-01 15:30:01, 7224096, 7223361, 0.2152575, 6.5583, 53.59731, 27.03746, 101.0, 8.22, nan, nan
$2021-07-01 15:30:03, 7223762, 7222984, 0.2170820, 5.3093, 53.55154, 27.06416, 101.0, 8.22, nan, nan
$2021-07-01 15:30:05, 7223479, 7222899, 0.2175981, 1.5041, 53.00832, 27.07752, 101.0, 8.22, nan, nan
$2021-07-01 15:30:07, 7223066, 7222434, 0.2176941, 0.2792, 52.09583, 27.07752, 101.0, 8.22, nan, nan
$2021-07-01 15:30:09, 7222378, 7221715, 0.2181262, 1.2631, 51.06127, 27.09354, 100.4, 8.22, nan, nan
$2021-07-01 15:30:11, 7221496, 7220722, 0.2220451, 11.5169, 50.34257, 27.09354, 100.4, 8.22, nan, nan
$2021-07-01 15:30:13, 7220901, 7220313, 0.0077833, 11.5169, 50.33036, 27.10689, 100.4, 8.22, nan, nan
$2021-07-01 15:30:15, 7220340, 7219696, 0.0147979, 20.6713, 50.06485, 27.12024, 100.4, 8.22, nan, nan
$2021-07-01 15:30:17, 7219605, 7218949, 0.0177020, 8.4777, 49.56436, 27.12024, 100.4, 8.22, nan, nan
$2021-07-01 15:30:19, 7218680, 7217824, 0.0185961, 2.6092, 49.27138, 27.13626, 100.4, 8.22, nan, nan
$2021-07-01 15:30:21, 7217677, 7216955, 0.0200001, 4.0945, 49.21187, 27.16296, 100.4, 8.22, nan, nan
$2021-07-01 15:30:23, 7217039, 7216122, 0.0212780, 3.7112, 49.76272, 27.17632, 100.4, 8.22, nan, nan
$2021-07-01 15:30:25, 7215724, 7214688, 0.0227720, 4.3584, 49.60098, 27.19234, 100.7, 8.22, nan, nan
$2021-07-01 15:30:27, 7215130, 7214244, 0.0242900, 4.4052, 50.47532, 27.20836, 100.7, 8.22, nan, nan
$2021-07-01 15:30:29, 7214271, 7213194, 0.0255079, 3.4678, 50.74541, 27.22171, 100.7, 8.22, nan, nan
$2021-07-01 15:30:31, 7213429, 7212500, 0.0262519, 2.1500, 50.82475, 27.25108, 100.4, 8.22, nan, nan
$2021-07-01 15:30:33, 7212773, 7211856, 0.0267559, 1.4763, 50.84764, 27.22171, 100.7, 8.22, nan, nan
$2021-07-01 15:30:35, 7211972, 7211095, 0.0268998, 0.4163, 50.50736, 27.25108, 100.7, 8.22, nan, nan
$2021-07-01 15:30:37, 7210982, 7210028, 0.0270918, 0.5536, 50.08316, 27.26444, 100.7, 8.22, nan, nan
$2021-07-01 15:30:39, 7210111, 7209272, 0.0275898, 1.4405, 49.94125, 27.26444, 100.4, 8.22, nan, nan
$2021-07-01 15:30:41, 7209358, 7208518, 0.0278838, 0.8257, 49.99619, 27.27779, 100.7, 8.22, nan, nan
$2021-07-01 15:30:43, 7208459, 7207609, 0.0280758, 0.5534, 49.58724, 27.29115, 100.7, 8.22, nan, nan
$2021-07-01 15:30:45, 7207501, 7206643, 0.0284837, 1.1852, 49.35989, 27.30717, 100.4, 8.22, nan, nan
$2021-07-01 15:30:47, 7206680, 7205877, 0.0290236, 1.5591, 49.29580, 27.32052, 100.4, 8.22, nan, nan
$2021-07-01 15:30:49, 7205908, 7205145, 0.0293117, 0.8308, 49.15236, 27.30717, 100.7, 8.22, nan, nan
$2021-07-01 15:30:51, 7205044, 7204329, 0.0293176, 0.0173, 48.80140, 27.36324, 100.4, 8.22, nan, nan
$2021-07-01 15:30:53, 7204147, 7203491, 0.0292037, -0.3349, 48.38789, 27.33387, 100.4, 8.22, nan, nan
$2021-07-01 15:30:55, 7203269, 7202651, 0.0290717, -0.3868, 48.16053, 27.36324, 100.4, 8.22, nan, nan
$2021-07-01 15:30:57, 7202321, 7201685, 0.0290897, 0.0523, 47.91638, 27.36324, 100.7, 8.22, nan, nan
$2021-07-01 15:30:59, 7201423, 7200787, 0.0294436, 1.0320, 47.80346, 27.37659, 100.4, 8.22, nan, nan
$2021-07-01 15:31:01, 7200548, 7199936, 0.0300076, 1.6406, 47.68902, 27.38995, 100.4, 8.22, nan, nan
$2021-07-01 15:31:03, 7199605, 7199030, 0.0304335, 1.2399, 47.61578, 27.41932, 100.7, 8.22, nan, nan
$2021-07-01 15:31:05, 7198722, 7198164, 0.0306555, 0.6430, 47.51507, 27.43267, 100.4, 8.22, nan, nan
$2021-07-01 15:31:07, 7197773, 7197230, 0.0308895, 0.6654, 47.44946, 27.41932, 100.7, 8.22, nan, nan
$2021-07-01 15:31:09, 7196834, 7196322, 0.0311474, 0.7538, 47.39910, 27.43267, 100.4, 8.22, nan, nan
$2021-07-01 15:31:11, 7195934, 7195435, 0.0314234, 0.8045, 47.32280, 27.43267, 100.4, 8.22, nan, nan
$2021-07-01 15:31:13, 7195006, 7194554, 0.0316454, 0.6422, 47.37621, 27.44602, 100.7, 8.22, nan, nan
$2021-07-01 15:31:15, 7194093, 7193676, 0.0317594, 0.3297, 47.32738, 27.45937, 100.7, 8.22, nan, nan
$2021-07-01 15:31:17, 7193181, 7192780, 0.0318554, 0.2766, 47.31822, 27.50210, 100.7, 8.22, nan, nan
$2021-07-01 15:31:19, 7192279, 7191881, 0.0320653, 0.6171, 47.26329, 27.47540, 100.4, 8.22, nan, nan
$2021-07-01 15:31:21, 7191339, 7190956, 0.0324373, 1.0796, 47.26787, 27.50210, 100.4, 8.22, nan, nan
$2021-07-01 15:31:23, 7190444, 7190083, 0.0328393, 1.1704, 47.24041, 27.50210, 100.7, 8.22, nan, nan
$2021-07-01 15:31:25, 7189565, 7189212, 0.0331752, 0.9825, 47.20836, 27.53147, 100.4, 8.22, nan, nan
$2021-07-01 15:31:27, 7188612, 7188295, 0.0334632, 0.8414, 47.18090, 27.53147, 100.7, 8.22, nan, nan
$2021-07-01 15:31:29, 7187745, 7187462, 0.0336612, 0.5804, 47.14733, 27.55817, 100.7, 8.22, nan, nan
$2021-07-01 15:31:31, 7186831, 7186551, 0.0338171, 0.4532, 47.10613, 27.55817, 100.7, 8.22, nan, nan
$2021-07-01 15:31:33, 7185933, 7185680, 0.0340451, 0.6649, 47.04662, 27.57153, 100.7, 8.22, nan, nan
$2021-07-01 15:31:35, 7185033, 7184810, 0.0343150, 0.7713, 47.07561, 27.60090, 100.7, 8.22, nan, nan
$2021-07-01 15:31:37, 7184104, 7183887, 0.0345610, 0.7135, 47.04814, 27.58755, 100.7, 8.22, nan, nan
$2021-07-01 15:31:39, 7183216, 7183004, 0.0348610, 0.8718, 46.99779, 27.60090, 100.7, 8.22, nan, nan
$2021-07-01 15:31:41, 7182309, 7182123, 0.0352329, 1.0806, 46.94744, 27.60090, 100.7, 8.22, nan, nan
$2021-07-01 15:31:43, 7181413, 7181260, 0.0355149, 0.8182, 46.94744, 27.61425, 100.7, 8.22, nan, nan
$2021-07-01 15:31:45, 7180574, 7180438, 0.0357009, 0.5281, 46.93676, 27.62760, 100.7, 8.22, nan, nan
$2021-07-01 15:31:47, 7179692, 7179565, 0.0359408, 0.6987, 46.86046, 27.64363, 100.7, 8.22, nan, nan
$2021-07-01 15:31:49, 7178805, 7178675, 0.0362708, 0.9522, 46.84673, 27.64363, 101.0, 8.22, nan, nan
$2021-07-01 15:31:51, 7177917, 7177801, 0.0367087, 1.2714, 46.80095, 27.67033, 100.7, 8.22, nan, nan
$2021-07-01 15:31:53, 7177026, 7176980, 0.0370027, 0.8538, 46.81774, 27.68368, 101.0, 8.22, nan, nan
$2021-07-01 15:31:55, 7176156, 7176105, 0.0371526, 0.4349, 46.82842, 27.68368, 100.7, 8.22, nan, nan
$2021-07-01 15:31:57, 7175295, 7175277, 0.0372606, 0.3116, 46.79180, 27.69971, 101.0, 8.22, nan, nan
$2021-07-01 15:32:00, 7174428, 7174426, 0.0374826, 0.6372, 46.75364, 27.69971, 101.0, 8.22, nan, nan
$2021-07-01 15:32:02, 7173525, 7173545, 0.0377285, 0.7075, 46.70024, 27.68368, 101.0, 8.22, nan, nan
$2021-07-01 15:32:04, 7172658, 7172678, 0.0379925, 0.7693, 46.70787, 27.72641, 101.0, 8.22, nan, nan
$2021-07-01 15:32:06, 7171769, 7171834, 0.0382624, 0.7876, 46.69566, 27.75578, 101.0, 8.22, nan, nan
$2021-07-01 15:32:08, 7170923, 7171034, 0.0383824, 0.3509, 46.69566, 27.73976, 100.7, 8.22, nan, nan
$2021-07-01 15:32:10, 7170064, 7170177, 0.0384604, 0.2187, 46.69566, 27.75578, 100.4, 8.22, nan, nan
$2021-07-01 15:32:12, 7169253, 7169371, 0.0386404, 0.5521, 46.65446, 27.73976, 100.4, 8.22, nan, nan
$2021-07-01 15:32:14, 7168428, 7168551, 0.0390183, 1.0974, 46.62089, 27.77180, 100.4, 8.22, nan, nan
$2021-07-01 15:32:16, 7167554, 7167704, 0.0394262, 1.1931, 46.58427, 27.78516, 100.7, 8.22, nan, nan
$2021-07-01 15:32:18, 7166772, 7166928, 0.0397682, 0.9940, 46.57511, 27.80118, 100.7, 8.22, nan, nan
$2021-07-01 15:32:20, 7165971, 7166161, 0.0400261, 0.7519, 46.56138, 27.80118, 100.4, 8.22, nan, nan
$2021-07-01 15:32:22, 7165127, 7165325, 0.0402721, 0.7142, 46.56291, 27.82788, 100.7, 8.22, nan, nan
$2021-07-01 15:32:24, 7164292, 7164521, 0.0405240, 0.7350, 46.51255, 27.82788, 100.4, 8.22, nan, nan
$2021-07-01 15:32:26, 7163551, 7163778, 0.0407879, 0.7662, 46.52476, 27.82788, 100.4, 8.22, nan, nan
$2021-07-01 15:32:28, 7162659, 7162917, 0.0410579, 0.7779, 46.50187, 27.84123, 100.4, 8.22, nan, nan
$2021-07-01 15:32:30, 7161838, 7162102, 0.0413398, 0.7998, 46.50340, 27.85725, 100.4, 8.22, nan, nan
$2021-07-01 15:32:32, 7161032, 7161288, 0.0416818, 0.9953, 46.54307, 27.87060, 100.7, 8.22, nan, nan
$2021-07-01 15:32:34, 7160190, 7160481, 0.0420357, 1.0234, 46.48814, 27.84123, 100.4, 8.22, nan, nan
$2021-07-01 15:32:36, 7159394, 7159686, 0.0423476, 0.9000, 46.46525, 27.85725, 100.7, 8.22, nan, nan
$2021-07-01 15:32:38, 7158600, 7158869, 0.0426835, 0.9776, 46.49424, 27.89731, 100.7, 8.22, nan, nan
$2021-07-01 15:32:40, 7157820, 7158103, 0.0431634, 1.3921, 46.48051, 27.88396, 100.7, 8.22, nan, nan
$2021-07-01 15:32:42, 7156949, 7157214, 0.0437153, 1.5878, 46.48356, 27.91333, 100.7, 8.22, nan, nan
$2021-07-01 15:32:44, 7156058, 7156366, 0.0441772, 1.3452, 46.56291, 27.91333, 100.7, 8.22, nan, nan
$2021-07-01 15:32:46, 7155276, 7155619, 0.0444471, 0.7869, 46.73076, 27.91333, 100.4, 8.22, nan, nan
$2021-07-01 15:32:48, 7154504, 7154856, 0.0445491, 0.2951, 46.84520, 27.91333, 100.7, 8.22, nan, nan
$2021-07-01 15:32:50, 7153679, 7153949, 0.0448790, 0.9646, 46.86046, 27.92668, 100.7, 8.22, nan, nan
$2021-07-01 15:32:52, 7152884, 7153208, 0.0455089, 1.8381, 47.00237, 27.94003, 100.7, 8.22, nan, nan
$2021-07-01 15:32:54, 7152226, 7152578, 0.0460247, 1.5086, 47.13359, 27.96941, 100.7, 8.22, nan, nan
$2021-07-01 15:32:56, 7151472, 7151837, 0.0462107, 0.5431, 47.03289, 27.98276, 100.7, 8.22, nan, nan
$2021-07-01 15:32:58, 7150711, 7151104, 0.0462887, 0.2264, 46.84062, 27.96941, 100.7, 8.22, nan, nan
$2021-07-01 15:33:00, 7149949, 7150361, 0.0464626, 0.5069, 46.71245, 27.98276, 100.4, 8.22, nan, nan
$2021-07-01 15:33:02, 7149162, 7149599, 0.0466126, 0.4372, 46.60869, 27.96941, 100.4, 8.22, nan, nan
$2021-07-01 15:33:04, 7148379, 7148838, 0.0467505, 0.4012, 46.74907, 27.98276, 100.7, 8.22, nan, nan
$2021-07-01 15:33:06, 7147657, 7148120, 0.0469305, 0.5172, 46.77806, 28.00946, 100.7, 8.22, nan, nan
$2021-07-01 15:33:08, 7146793, 7147215, 0.0472724, 0.9980, 46.77196, 28.05219, 100.7, 8.22, nan, nan
$2021-07-01 15:33:10, 7145965, 7146317, 0.0479922, 2.0400, 46.95049, 28.03883, 100.7, 8.22, nan, nan
$2021-07-01 15:33:12, 7145185, 7145654, 0.0487480, 2.1487, 47.18090, 28.03883, 100.7, 8.22, nan, nan
$2021-07-01 15:33:14, 7144443, 7144876, 0.0491438, 1.1522, 47.42657, 28.03883, 100.7, 8.22, nan, nan
$2021-07-01 15:33:16, 7143749, 7144229, 0.0492519, 0.3109, 47.49218, 28.05219, 100.7, 8.22, nan, nan
$2021-07-01 15:33:18, 7142860, 7143328, 0.0494378, 0.5365, 47.46929, 28.06554, 100.7, 8.22, nan, nan
$2021-07-01 15:33:20, 7142073, 7142303, 0.0502656, 2.3920, 47.58374, 28.06554, 100.7, 8.22, nan, nan
$2021-07-01 15:33:22, 7140312, 7140161, 0.0526228, 6.8329, 47.66156, 28.05219, 100.7, 8.22, nan, nan
$2021-07-01 15:33:24, 7139230, 7139549, 0.0551300, 7.3140, 49.64675, 28.09491, 100.7, 8.22, nan, nan
$2021-07-01 15:33:26, 7139425, 7139469, 0.0561616, 2.8834, 51.36797, 28.08156, 100.7, 8.22, nan, nan
$2021-07-01 15:33:28, 7137884, 7137134, 0.0580449, 5.2676, 50.30290, 28.10826, 100.7, 8.22, nan, nan
$2021-07-01 15:33:30, 7136236, 7135529, 0.0627050, 13.6097, 51.43816, 28.10826, 100.7, 8.22, nan, nan
$2021-07-01 15:33:32, 7136279, 7136480, 0.0654938, 8.1627, 53.37759, 28.12161, 100.7, 8.22, nan, nan
$2021-07-01 15:33:34, 7136708, 7136804, 0.0630889, -7.0215, 53.11666, 28.12161, 100.7, 8.22, nan, nan
$2021-07-01 15:33:36, 7135815, 7135381, 0.0605699, -7.3038, 50.98955, 28.13763, 100.7, 8.22, nan, nan
$2021-07-01 15:33:38, 7134778, 7134513, 0.0619073, 3.8841, 49.97330, 28.13763, 100.7, 8.22, nan, nan
$2021-07-01 15:33:40, 7134199, 7133735, 0.0647621, 8.3009, 50.02823, 28.16434, 100.7, 8.22, nan, nan
$2021-07-01 15:33:42, 7133690, 7133852, 0.0651519, 1.1337, 49.86190, 28.16434, 100.7, 8.22, nan, nan
$2021-07-01 15:33:44, 7133252, 7133361, 0.0632088, -5.6412, 49.30800, 28.16434, 100.7, 8.22, nan, nan
$2021-07-01 15:33:46, 7132691, 7132852, 0.0611097, -5.8586, 48.20631, 28.20706, 100.7, 8.22, nan, nan
$2021-07-01 15:33:48, 7131955, 7132116, 0.0602700, -2.4072, 47.33196, 28.20706, 100.7, 8.22, nan, nan
$2021-07-01 15:33:50, 7131226, 7131398, 0.0605639, 0.8533, 46.85588, 28.20706, 100.7, 8.22, nan, nan
$2021-07-01 15:33:52, 7130747, 7130888, 0.0609298, 1.0657, 46.70329, 28.20706, 100.7, 8.22, nan, nan
$2021-07-01 15:33:54, 7130101, 7130272, 0.0614276, 1.4380, 46.37064, 28.23376, 100.7, 8.22, nan, nan
$2021-07-01 15:33:56, 7129405, 7129609, 0.0617754, 1.0055, 46.17837, 28.24979, 100.7, 8.22, nan, nan
$2021-07-01 15:33:59, 7128754, 7129011, 0.0618774, 0.2895, 46.01358, 28.26314, 100.4, 8.22, nan, nan
$2021-07-01 15:34:01, 7128048, 7128341, 0.0617634, -0.3327, 45.84878, 28.27649, 100.7, 8.22, nan, nan
$2021-07-01 15:34:03, 7127244, 7127176, 0.0624891, 2.1125, 45.67941, 28.26314, 100.7, 8.22, nan, nan
$2021-07-01 15:34:05, 7125201, 7125331, 0.0640485, 4.5649, 45.70993, 28.28984, 100.7, 8.22, nan, nan
$2021-07-01 15:34:07, 7123993, 7123448, 0.0666752, 7.6592, 48.23225, 28.28984, 100.7, 8.22, nan, nan
$2021-07-01 15:34:09, 7123246, 7125306, 0.0648281, -5.4103, 50.93767, 28.30853, 100.7, 8.22, nan, nan
$2021-07-01 15:34:11, 7124107, 7124531, 0.0587346, -17.7847, 49.95956, 28.32189, 100.7, 8.22, nan, nan
$2021-07-01 15:34:13, 7123456, 7124002, 0.0555378, -8.7874, 48.10559, 28.32189, 101.0, 8.22, nan, nan
$2021-07-01 15:34:15, 7122518, 7122839, 0.0585607, 8.8235, 47.05577, 28.34860, 100.7, 8.22, nan, nan
$2021-07-01 15:34:17, 7119553, 7120296, 0.0620513, 10.1192, 46.70482, 28.33525, 100.7, 8.22, nan, nan
$2021-07-01 15:34:19, 7119437, 7120869, 0.0598742, -6.3377, 48.62745, 28.36462, 100.7, 8.22, nan, nan
$2021-07-01 15:34:21, 7120211, 7120438, 0.0578470, -5.8892, 50.76524, 28.36462, 100.7, 8.22, nan, nan
$2021-07-01 15:34:23, 7119178, 7119532, 0.0597482, 5.5100, 48.99214, 28.37797, 101.0, 8.22, nan, nan
$2021-07-01 15:34:25, 7117077, 7119320, 0.0602220, 1.3722, 48.75868, 28.37797, 101.0, 8.22, nan, nan
$2021-07-01 15:34:27, 7118485, 7119957, 0.0548601, -15.5576, 47.68902, 28.37797, 101.0, 8.22, nan, nan
$2021-07-01 15:34:29, 7117266, 7117992, 0.0510933, -10.9423, 45.49172, 28.40734, 100.7, 8.22, nan, nan
$2021-07-01 15:34:31, 7116753, 7117737, 0.0546141, 9.9394, 45.95254, 28.39132, 101.0, 8.22, nan, nan
$2021-07-01 15:34:33, 7116199, 7117241, 0.0589865, 12.6849, 46.04562, 28.42069, 101.0, 8.22, nan, nan
$2021-07-01 15:34:35, 7115521, 7116572, 0.0594364, 1.3128, 45.73740, 28.40734, 101.0, 8.22, nan, nan
$2021-07-01 15:34:37, 7114853, 7115897, 0.0590645, -1.0385, 45.41696, 28.43405, 101.0, 8.22, nan, nan
$2021-07-01 15:34:39, 7114056, 7115254, 0.0591005, 0.1039, 45.29335, 28.46342, 101.0, 8.22, nan, nan
$2021-07-01 15:34:41, 7113347, 7114575, 0.0587826, -0.9236, 45.21248, 28.44740, 100.7, 8.22, nan, nan
$2021-07-01 15:34:43, 7112620, 7113829, 0.0584227, -1.0345, 45.03242, 28.44740, 100.7, 8.22, nan, nan
$2021-07-01 15:34:45, 7111902, 7113061, 0.0586267, 0.5896, 45.17586, 28.46342, 100.7, 8.22, nan, nan
$2021-07-01 15:34:47, 7111257, 7112756, 0.0586746, 0.1388, 45.21706, 28.47677, 100.7, 8.22, nan, nan
$2021-07-01 15:34:49, 7111976, 7113275, 0.0581529, -1.5196, 45.17586, 28.46342, 100.7, 8.22, nan, nan
$2021-07-01 15:34:51, 7111159, 7112092, 0.0587706, 1.7723, 43.45006, 28.49012, 100.7, 8.22, nan, nan
$2021-07-01 15:34:53, 7110080, 7110867, 0.0616195, 8.3390, 42.10269, 28.51950, 100.7, 8.22, nan, nan
$2021-07-01 15:34:55, 7109181, 7109861, 0.0652659, 10.5798, 42.27207, 28.53285, 100.7, 8.22, nan, nan
$2021-07-01 15:34:57, 7108253, 7108941, 0.0677547, 7.3163, 42.99230, 28.50347, 100.4, 8.22, nan, nan
$2021-07-01 15:34:59, 7107597, 7108152, 0.0692960, 4.4962, 43.74151, 28.51950, 100.4, 8.22, nan, nan
$2021-07-01 15:35:01, 7106944, 7107464, 0.0706334, 3.8972, 44.14435, 28.54620, 100.4, 8.22, nan, nan
$2021-07-01 15:35:03, 7106211, 7106829, 0.0716828, 3.0849, 44.39765, 28.53285, 100.4, 8.22, nan, nan
$2021-07-01 15:35:05, 7105596, 7106210, 0.0720906, 1.1957, 44.59449, 28.54620, 100.4, 8.22, nan, nan
$2021-07-01 15:35:07, 7105044, 7105694, 0.0720726, -0.0519, 44.65858, 28.55955, 100.4, 8.22, nan, nan
$2021-07-01 15:35:09, 7104321, 7104887, 0.0723185, 0.7194, 44.73030, 28.58892, 100.4, 8.22, nan, nan
$2021-07-01 15:35:11, 7103670, 7104209, 0.0730621, 2.1605, 44.79438, 28.60227, 100.7, 8.22, nan, nan
$2021-07-01 15:35:13, 7103043, 7103598, 0.0739496, 2.5190, 44.96071, 28.60227, 100.7, 8.22, nan, nan
$2021-07-01 15:35:15, 7102282, 7102756, 0.0748131, 2.5202, 44.95003, 28.61563, 100.7, 8.22, nan, nan
$2021-07-01 15:35:17, 7101292, 7101646, 0.0758986, 3.0911, 45.03853, 28.61563, 100.7, 8.22, nan, nan
$2021-07-01 15:35:19, 7100580, 7101121, 0.0769300, 2.8822, 45.83047, 28.64500, 100.4, 8.22, nan, nan
$2021-07-01 15:35:21, 7100241, 7100913, 0.0769539, 0.0700, 46.39658, 28.63165, 100.7, 8.21, nan, nan
$2021-07-01 15:35:23, 7099655, 7100335, 0.0760725, -2.5532, 46.02579, 28.65836, 100.4, 8.21, nan, nan
$2021-07-01 15:35:25, 7099040, 7099735, 0.0754008, -1.9664, 45.59701, 28.64500, 100.4, 8.22, nan, nan
$2021-07-01 15:35:27, 7098433, 7099180, 0.0753589, -0.1219, 45.35439, 28.64500, 100.4, 8.22, nan, nan
$2021-07-01 15:35:29, 7097777, 7098590, 0.0753108, -0.1337, 45.07057, 28.65836, 100.7, 8.22, nan, nan
$2021-07-01 15:35:31, 7097103, 7097962, 0.0750231, -0.8457, 44.89204, 28.67171, 100.4, 8.21, nan, nan
$2021-07-01 15:35:33, 7096480, 7097350, 0.0747952, -0.6681, 44.74098, 28.68773, 100.7, 8.22, nan, nan
$2021-07-01 15:35:35, 7095830, 7096766, 0.0746932, -0.2980, 44.67994, 28.71443, 100.7, 8.22, nan, nan
$2021-07-01 15:35:37, 7095128, 7096100, 0.0746033, -0.2635, 44.64942, 28.70108, 100.4, 8.22, nan, nan
$2021-07-01 15:35:39, 7094516, 7095490, 0.0745073, -0.2789, 44.54719, 28.68773, 100.7, 8.22, nan, nan
$2021-07-01 15:35:41, 7093821, 7094781, 0.0746452, 0.4004, 44.59297, 28.74381, 100.7, 8.22, nan, nan
$2021-07-01 15:35:43, 7093152, 7094128, 0.0750290, 1.1164, 44.60365, 28.72778, 100.7, 8.22, nan, nan
$2021-07-01 15:35:45, 7092527, 7093507, 0.0754668, 1.2716, 44.55177, 28.72778, 100.7, 8.22, nan, nan
$2021-07-01 15:35:47, 7091914, 7092901, 0.0758266, 1.0547, 44.54261, 28.75716, 100.7, 8.21, nan, nan
$2021-07-01 15:35:49, 7091173, 7092183, 0.0761384, 0.8844, 44.54261, 28.75716, 100.4, 8.21, nan, nan
$2021-07-01 15:35:51, 7090476, 7091531, 0.0763662, 0.6634, 44.62196, 28.77051, 100.4, 8.21, nan, nan
$2021-07-01 15:35:53, 7089820, 7090901, 0.0764263, 0.1748, 44.68452, 28.75716, 100.7, 8.22, nan, nan
$2021-07-01 15:35:56, 7089160, 7090296, 0.0763483, -0.2266, 44.72572, 28.78386, 100.7, 8.21, nan, nan
$2021-07-01 15:35:58, 7088518, 7089729, 0.0761145, -0.6821, 44.74861, 28.75716, 100.7, 8.21, nan, nan
$2021-07-01 15:36:00, 7087837, 7089086, 0.0757486, -1.0545, 44.63874, 28.79988, 100.7, 8.21, nan, nan
$2021-07-01 15:36:02, 7087163, 7088466, 0.0753828, -1.0575, 44.55787, 28.78386, 100.7, 8.21, nan, nan
$2021-07-01 15:36:04, 7086511, 7087828, 0.0751849, -0.5739, 44.54872, 28.82658, 100.7, 8.21, nan, nan
$2021-07-01 15:36:06, 7085856, 7087215, 0.0751190, -0.1929, 44.51057, 28.81323, 100.7, 8.21, nan, nan
$2021-07-01 15:36:08, 7085254, 7086634, 0.0751310, 0.0348, 44.46022, 28.81323, 100.7, 8.21, nan, nan
$2021-07-01 15:36:10, 7084627, 7086018, 0.0751910, 0.1762, 44.40986, 28.83994, 100.4, 8.21, nan, nan
$2021-07-01 15:36:12, 7083984, 7085397, 0.0753229, 0.3849, 44.36103, 28.85863, 100.7, 8.21, nan, nan
$2021-07-01 15:36:14, 7083377, 7084829, 0.0754548, 0.3846, 44.33356, 28.85863, 100.7, 8.21, nan, nan
$2021-07-01 15:36:16, 7082720, 7084192, 0.0755208, 0.1908, 44.26948, 28.85863, 100.7, 8.21, nan, nan
$2021-07-01 15:36:18, 7082070, 7083559, 0.0755567, 0.1045, 44.25574, 28.85863, 100.7, 8.21, nan, nan
$2021-07-01 15:36:20, 7081497, 7083009, 0.0756407, 0.2438, 44.20844, 28.87198, 100.7, 8.21, nan, nan
$2021-07-01 15:36:22, 7080855, 7082394, 0.0757366, 0.2788, 44.20997, 28.88533, 100.7, 8.21, nan, nan
$2021-07-01 15:36:24, 7080251, 7081810, 0.0757966, 0.1748, 44.18097, 28.87198, 100.4, 8.21, nan, nan
$2021-07-01 15:36:26, 7079623, 7081214, 0.0758266, 0.0868, 44.18250, 28.88533, 100.7, 8.21, nan, nan
$2021-07-01 15:36:28, 7079045, 7080639, 0.0758865, 0.1731, 44.11841, 28.88533, 100.7, 8.21, nan, nan
$2021-07-01 15:36:30, 7078390, 7080026, 0.0759765, 0.2631, 44.11841, 28.88533, 100.7, 8.21, nan, nan
$2021-07-01 15:36:32, 7077820, 7079455, 0.0760785, 0.2844, 44.09553, 28.91470, 100.7, 8.21, nan, nan
$2021-07-01 15:36:34, 7077178, 7078857, 0.0761684, 0.2607, 44.03143, 28.91470, 100.4, 8.21, nan, nan
$2021-07-01 15:36:36, 7076531, 7078236, 0.0761924, 0.0687, 43.99786, 28.94141, 100.7, 8.21, nan, nan
$2021-07-01 15:36:38, 7075907, 7077626, 0.0761984, 0.0175, 43.93073, 28.92806, 100.7, 8.21, nan, nan
$2021-07-01 15:36:40, 7075264, 7077030, 0.0761984, 0.0000, 43.98413, 28.94141, 100.4, 8.21, nan, nan
$2021-07-01 15:36:42, 7074703, 7076473, 0.0762104, 0.0349, 43.98108, 28.92806, 100.7, 8.21, nan, nan
$2021-07-01 15:36:44, 7074094, 7075856, 0.0762943, 0.2438, 43.96124, 28.95743, 100.7, 8.21, nan, nan
$2021-07-01 15:36:46, 7073528, 7075313, 0.0765342, 0.7007, 43.98566, 28.95743, 100.7, 8.21, nan, nan
$2021-07-01 15:36:48, 7072940, 7074754, 0.0767501, 0.6298, 43.90784, 28.95743, 100.4, 8.21, nan, nan
$2021-07-01 15:36:50, 7072345, 7074193, 0.0767920, 0.1202, 43.91089, 28.98413, 100.7, 8.21, nan, nan
$2021-07-01 15:36:52, 7071771, 7073626, 0.0767801, -0.0347, 43.83307, 28.97078, 100.7, 8.21, nan, nan
$2021-07-01 15:36:54, 7071135, 7072978, 0.0769180, 0.3957, 43.82086, 28.98413, 100.7, 8.21, nan, nan
$2021-07-01 15:36:56, 7070538, 7072421, 0.0771339, 0.6280, 43.93530, 28.98413, 100.7, 8.21, nan, nan
$2021-07-01 15:36:58, 7069944, 7071883, 0.0772118, 0.2277, 43.99939, 28.97078, 100.7, 8.21, nan, nan
$2021-07-01 15:37:00, 7069408, 7071398, 0.0769839, -0.6622, 44.04059, 28.99748, 100.7, 8.21, nan, nan
$2021-07-01 15:37:02, 7068841, 7070868, 0.0766301, -1.0280, 43.96582, 28.99748, 100.7, 8.21, nan, nan
$2021-07-01 15:37:04, 7068273, 7070324, 0.0763603, -0.7932, 43.90173, 29.01350, 100.4, 8.21, nan, nan
$2021-07-01 15:37:06, 7067714, 7069715, 0.0763843, 0.0701, 43.85291, 29.02686, 100.7, 8.21, nan, nan
$2021-07-01 15:37:08, 7067206, 7069272, 0.0766361, 0.6960, 43.75982, 29.02686, 100.7, 8.21, nan, nan
$2021-07-01 15:37:10, 7066623, 7068703, 0.0768400, 0.5914, 43.75067, 29.05356, 100.7, 8.21, nan, nan
$2021-07-01 15:37:12, 7066076, 7068181, 0.0768400, 0.0000, 43.68353, 29.04021, 100.7, 8.21, nan, nan
$2021-07-01 15:37:14, 7065550, 7067649, 0.0768580, 0.0507, 43.69726, 29.04021, 100.7, 8.21, nan, nan
$2021-07-01 15:37:16, 7064975, 7067101, 0.0769899, 0.3783, 43.57213, 29.04021, 100.7, 8.21, nan, nan
$2021-07-01 15:37:18, 7064391, 7066561, 0.0770439, 0.1539, 43.65911, 29.06958, 100.7, 8.21, nan, nan
$2021-07-01 15:37:20, 7063848, 7066051, 0.0769539, -0.2571, 43.61791, 29.06958, 100.7, 8.21, nan, nan
$2021-07-01 15:37:22, 7063317, 7065550, 0.0767621, -0.5505, 43.61486, 29.05356, 100.7, 8.21, nan, nan
$2021-07-01 15:37:24, 7062803, 7065015, 0.0767081, -0.1562, 43.57671, 29.06958, 100.7, 8.21, nan, nan
$2021-07-01 15:37:26, 7062284, 7064517, 0.0768640, 0.4551, 43.50500, 29.06958, 100.7, 8.21, nan, nan
$2021-07-01 15:37:28, 7061762, 7064033, 0.0770259, 0.4725, 43.45006, 29.06958, 100.7, 8.21, nan, nan
$2021-07-01 15:37:30, 7061226, 7063509, 0.0770559, 0.0877, 43.47600, 29.06958, 100.7, 8.21, nan, nan
$2021-07-01 15:37:32, 7060709, 7063038, 0.0769779, -0.2264, 43.45312, 29.09628, 100.7, 8.21, nan, nan
$2021-07-01 15:37:34, 7060190, 7062528, 0.0769060, -0.2102, 43.48058, 29.10964, 100.7, 8.21, nan, nan
$2021-07-01 15:37:36, 7059678, 7062021, 0.0768999, -0.0176, 43.39971, 29.12566, 100.7, 8.21, nan, nan
$2021-07-01 15:37:38, 7059116, 7061511, 0.0769359, 0.1048, 43.42565, 29.10964, 100.7, 8.21, nan, nan
$2021-07-01 15:37:40, 7058605, 7061006, 0.0769359, 0.0000, 43.39971, 29.12566, 101.0, 8.21, nan, nan
$2021-07-01 15:37:42, 7058088, 7060509, 0.0768880, -0.1393, 43.32647, 29.09628, 100.7, 8.21, nan, nan
$2021-07-01 15:37:44, 7057598, 7060037, 0.0768880, 0.0000, 43.28527, 29.10964, 100.7, 8.21, nan, nan
$2021-07-01 15:37:46, 7057091, 7059572, 0.0768820, -0.0175, 43.31731, 29.13901, 100.7, 8.21, nan, nan
$2021-07-01 15:37:48, 7056654, 7059141, 0.0768101, -0.2110, 43.28832, 29.12566, 100.7, 8.21, nan, nan
$2021-07-01 15:37:50, 7056142, 7058624, 0.0768220, 0.0347, 43.26238, 29.15236, 100.7, 8.21, nan, nan
$2021-07-01 15:37:52, 7055617, 7058157, 0.0768940, 0.2093, 43.21966, 29.13901, 100.7, 8.21, nan, nan
$2021-07-01 15:37:54, 7055117, 7057661, 0.0768760, -0.0506, 43.20745, 29.16571, 100.7, 8.21, nan, nan
$2021-07-01 15:37:56, 7054629, 7057178, 0.0768400, -0.1006, 43.20745, 29.16571, 101.0, 8.21, nan, nan
$2021-07-01 15:37:59, 7054165, 7056720, 0.0769839, 0.4190, 43.16930, 29.18173, 100.7, 8.21, nan, nan
$2021-07-01 15:38:01, 7053651, 7056236, 0.0771759, 0.5569, 43.19829, 29.18173, 101.0, 8.21, nan, nan
$2021-07-01 15:38:03, 7053155, 7055758, 0.0772658, 0.2637, 43.12505, 29.16571, 100.7, 8.21, nan, nan
$2021-07-01 15:38:05, 7052639, 7055262, 0.0772658, 0.0000, 43.10979, 29.15236, 100.4, 8.21, nan, nan
$2021-07-01 15:38:07, 7052148, 7054777, 0.0772598, -0.0174, 43.11437, 29.19508, 100.7, 8.21, nan, nan
$2021-07-01 15:38:09, 7051691, 7054319, 0.0773377, 0.2266, 43.12810, 29.18173, 100.7, 8.21, nan, nan
$2021-07-01 15:38:11, 7051226, 7053864, 0.0775116, 0.5093, 43.12810, 29.19508, 100.7, 8.21, nan, nan
$2021-07-01 15:38:13, 7050756, 7053414, 0.0776676, 0.4553, 43.12810, 29.19508, 100.7, 8.21, nan, nan
$2021-07-01 15:38:15, 7050285, 7052969, 0.0777275, 0.1752, 43.11590, 29.20844, 100.7, 8.21, nan, nan
$2021-07-01 15:38:17, 7049807, 7052510, 0.0776855, -0.1220, 43.06096, 29.20844, 100.7, 8.21, nan, nan
$2021-07-01 15:38:19, 7049348, 7052076, 0.0776495, -0.1044, 43.04723, 29.20844, 100.7, 8.21, nan, nan
$2021-07-01 15:38:21, 7048893, 7051649, 0.0775776, -0.2090, 43.07775, 29.23781, 100.7, 8.21, nan, nan
$2021-07-01 15:38:23, 7048443, 7051178, 0.0775836, 0.0175, 43.05028, 29.23781, 100.7, 8.21, nan, nan
$2021-07-01 15:38:25, 7047996, 7050726, 0.0777814, 0.5749, 43.03349, 29.22179, 100.7, 8.21, nan, nan
$2021-07-01 15:38:27, 7047521, 7050297, 0.0780213, 0.6967, 43.03349, 29.22179, 100.7, 8.21, nan, nan
$2021-07-01 15:38:29, 7047085, 7049868, 0.0781113, 0.2613, 43.01061, 29.26451, 100.7, 8.21, nan, nan
$2021-07-01 15:38:31, 7046612, 7049409, 0.0781233, 0.0352, 43.01061, 29.26451, 100.7, 8.21, nan, nan
$2021-07-01 15:38:33, 7046149, 7048968, 0.0782012, 0.2246, 43.07012, 29.27786, 100.7, 8.21, nan, nan
$2021-07-01 15:38:35, 7045707, 7048559, 0.0782312, 0.0872, 42.98314, 29.26451, 100.7, 8.21, nan, nan
$2021-07-01 15:38:37, 7045269, 7048132, 0.0781772, -0.1572, 42.92821, 29.26451, 100.7, 8.21, nan, nan
$2021-07-01 15:38:39, 7044836, 7047693, 0.0781772, 0.0000, 42.96788, 29.26451, 100.7, 8.21, nan, nan
$2021-07-01 15:38:41, 7044369, 7047267, 0.0782552, 0.2269, 42.91448, 29.26451, 100.7, 8.21, nan, nan
$2021-07-01 15:38:43, 7043935, 7046852, 0.0782552, 0.0000, 42.89922, 29.26451, 100.7, 8.21, nan, nan
$2021-07-01 15:38:45, 7043464, 7046366, 0.0782612, 0.0181, 42.84428, 29.27786, 100.7, 8.21, nan, nan
$2021-07-01 15:38:47, 7043061, 7045971, 0.0784051, 0.4160, 42.81834, 29.29389, 100.7, 8.21, nan, nan
$2021-07-01 15:38:49, 7042620, 7045541, 0.0786450, 0.6970, 42.85954, 29.29389, 100.7, 8.21, nan, nan
$2021-07-01 15:38:51, 7042180, 7045120, 0.0788009, 0.4557, 42.80308, 29.29389, 100.7, 8.21, nan, nan
$2021-07-01 15:38:53, 7041769, 7044731, 0.0788488, 0.1403, 42.79545, 29.32059, 100.7, 8.21, nan, nan
$2021-07-01 15:38:55, 7041331, 7044325, 0.0788309, -0.0523, 42.76341, 29.30724, 100.7, 8.21, nan, nan
$2021-07-01 15:38:57, 7040879, 7043888, 0.0787529, -0.2272, 42.73900, 29.32059, 100.7, 8.21, nan, nan
$2021-07-01 15:38:59, 7040446, 7043493, 0.0786330, -0.3516, 42.72526, 29.33394, 100.7, 8.21, nan, nan
$2021-07-01 15:39:01, 7040051, 7043117, 0.0785071, -0.3666, 42.68101, 29.32059, 100.7, 8.21, nan, nan
$2021-07-01 15:39:03, 7039611, 7042709, 0.0783871, -0.3487, 42.69780, 29.33394, 100.7, 8.21, nan, nan
$2021-07-01 15:39:05, 7039202, 7042287, 0.0783272, -0.1755, 42.66727, 29.32059, 100.7, 8.21, nan, nan
$2021-07-01 15:39:07, 7038781, 7041857, 0.0784771, 0.4375, 42.64439, 29.34997, 100.7, 8.21, nan, nan
$2021-07-01 15:39:09, 7038393, 7041485, 0.0787590, 0.7899, 42.60166, 29.34997, 100.7, 8.21, nan, nan
$2021-07-01 15:39:11, 7037919, 7041050, 0.0789388, 0.5136, 42.65812, 29.34997, 100.7, 8.21, nan, nan
$2021-07-01 15:39:13, 7037498, 7040642, 0.0789268, -0.0346, 42.63065, 29.36332, 100.7, 8.21, nan, nan
$2021-07-01 15:39:15, 7037037, 7040203, 0.0788668, -0.1747, 42.61539, 29.34997, 100.7, 8.21, nan, nan
$2021-07-01 15:39:17, 7036654, 7039832, 0.0788428, -0.0699, 42.60624, 29.39002, 100.7, 8.21, nan, nan
$2021-07-01 15:39:19, 7036237, 7039430, 0.0788909, 0.1395, 42.61997, 29.37667, 100.7, 8.21, nan, nan
$2021-07-01 15:39:21, 7035816, 7038995, 0.0790108, 0.3488, 42.58945, 29.36332, 100.7, 8.21, nan, nan
$2021-07-01 15:39:23, 7035397, 7038581, 0.0792267, 0.6270, 42.59251, 29.39002, 100.7, 8.21, nan, nan
$2021-07-01 15:39:25, 7034998, 7038198, 0.0794365, 0.6060, 42.63371, 29.39002, 100.7, 8.21, nan, nan
$2021-07-01 15:39:27, 7034624, 7037826, 0.0795984, 0.4709, 42.64744, 29.37667, 100.7, 8.21, nan, nan
$2021-07-01 15:39:29, 7034202, 7037430, 0.0797064, 0.3140, 42.57877, 29.39002, 100.7, 8.21, nan, nan
$2021-07-01 15:39:31, 7033810, 7037048, 0.0797364, 0.0875, 42.49332, 29.39002, 100.7, 8.21, nan, nan
$2021-07-01 15:39:33, 7033439, 7036701, 0.0797364, 0.0000, 42.52384, 29.39002, 100.7, 8.21, nan, nan
$2021-07-01 15:39:35, 7033023, 7036280, 0.0797184, -0.0523, 42.51011, 29.39002, 100.7, 8.21, nan, nan
$2021-07-01 15:39:37, 7032632, 7035932, 0.0797364, 0.0522, 42.44144, 29.42207, 100.7, 8.21, nan, nan
$2021-07-01 15:39:39, 7032244, 7035553, 0.0797064, -0.0870, 42.51163, 29.42207, 100.7, 8.21, nan, nan
$2021-07-01 15:39:41, 7031847, 7035142, 0.0797364, 0.0875, 42.42771, 29.43542, 100.7, 8.21, nan, nan
$2021-07-01 15:39:43, 7031464, 7034754, 0.0799582, 0.6502, 42.44297, 29.43542, 100.7, 8.21, nan, nan
$2021-07-01 15:39:45, 7031070, 7034372, 0.0802700, 0.8803, 42.47044, 29.43542, 100.7, 8.21, nan, nan
$2021-07-01 15:39:47, 7030649, 7033971, 0.0805098, 0.6964, 42.42924, 29.44877, 100.7, 8.21, nan, nan
$2021-07-01 15:39:49, 7030279, 7033585, 0.0806478, 0.4007, 42.44602, 29.46479, 100.7, 8.21, nan, nan
$2021-07-01 15:39:51, 7029895, 7033219, 0.0808457, 0.5769, 42.39109, 29.46479, 100.7, 8.21, nan, nan
$2021-07-01 15:39:53, 7029505, 7032855, 0.0810016, 0.4508, 42.39109, 29.44877, 100.7, 8.20, nan, nan
$2021-07-01 15:39:55, 7029149, 7032498, 0.0810795, 0.2258, 42.44297, 29.44877, 100.7, 8.21, nan, nan
$2021-07-01 15:39:57, 7028751, 7032122, 0.0810915, 0.0348, 42.37888, 29.47814, 100.7, 8.21, nan, nan
$2021-07-01 15:39:59, 7028376, 7031751, 0.0811815, 0.2632, 42.34989, 29.47814, 100.7, 8.21, nan, nan
$2021-07-01 15:40:01, 7027987, 7031397, 0.0812055, 0.0698, 42.40177, 29.44877, 100.7, 8.21, nan, nan
$2021-07-01 15:40:03, 7027597, 7031035, 0.0811574, -0.1398, 42.35142, 29.49149, 100.7, 8.21, nan, nan
$2021-07-01 15:40:05, 7027231, 7030682, 0.0810435, -0.3306, 42.35142, 29.49149, 100.7, 8.21, nan, nan
$2021-07-01 15:40:07, 7026867, 7030324, 0.0810016, -0.1220, 42.30869, 29.49149, 100.4, 8.20, nan, nan
$2021-07-01 15:40:09, 7026485, 7029956, 0.0810975, 0.2749, 42.33768, 29.49149, 100.4, 8.20, nan, nan
$2021-07-01 15:40:11, 7026098, 7029557, 0.0812354, 0.4030, 42.31022, 29.50484, 100.7, 8.20, nan, nan
$2021-07-01 15:40:13, 7025753, 7029225, 0.0814333, 0.5751, 42.29954, 29.52087, 100.7, 8.20, nan, nan
$2021-07-01 15:40:15, 7025386, 7028862, 0.0816372, 0.5953, 42.32395, 29.50484, 100.4, 8.20, nan, nan
$2021-07-01 15:40:17, 7025042, 7028556, 0.0817391, 0.2959, 42.31327, 29.52087, 100.7, 8.20, nan, nan
$2021-07-01 15:40:19, 7024683, 7028227, 0.0816732, -0.1894, 42.28275, 29.50484, 100.7, 8.20, nan, nan
$2021-07-01 15:40:21, 7024346, 7027878, 0.0815772, -0.2810, 42.25528, 29.52087, 100.7, 8.20, nan, nan
$2021-07-01 15:40:23, 7023970, 7027512, 0.0816252, 0.1395, 42.21714, 29.53422, 100.7, 8.20, nan, nan
$2021-07-01 15:40:25, 7023608, 7027147, 0.0818291, 0.5971, 42.25833, 29.53422, 100.7, 8.20, nan, nan
$2021-07-01 15:40:27, 7023227, 7026806, 0.0819730, 0.4188, 42.18662, 29.52087, 100.7, 8.20, nan, nan
$2021-07-01 15:40:29, 7022892, 7026457, 0.0820330, 0.1764, 42.21408, 29.52087, 100.4, 8.20, nan, nan
$2021-07-01 15:40:31, 7022531, 7026125, 0.0820689, 0.1046, 42.20035, 29.52087, 100.7, 8.20, nan, nan
$2021-07-01 15:40:33, 7022152, 7025755, 0.0821169, 0.1406, 42.25833, 29.54757, 100.4, 8.20, nan, nan
$2021-07-01 15:40:35, 7021838, 7025462, 0.0821589, 0.1219, 42.25833, 29.54757, 100.7, 8.20, nan, nan
$2021-07-01 15:40:37, 7021480, 7025122, 0.0821528, -0.0174, 42.20493, 29.56359, 100.7, 8.20, nan, nan
$2021-07-01 15:40:39, 7021149, 7024809, 0.0821769, 0.0703, 42.12101, 29.56359, 100.4, 8.20, nan, nan
$2021-07-01 15:40:41, 7020819, 7024491, 0.0821589, -0.0529, 42.15000, 29.57694, 100.4, 8.20, nan, nan
$2021-07-01 15:40:43, 7020458, 7024140, 0.0821769, 0.0528, 42.10880, 29.57694, 100.4, 8.20, nan, nan
$2021-07-01 15:40:45, 7020101, 7023800, 0.0822248, 0.1403, 42.12101, 29.56359, 100.4, 8.20, nan, nan
$2021-07-01 15:40:47, 7019761, 7023489, 0.0822188, -0.0167, 42.09507, 29.56359, 100.4, 8.20, nan, nan
$2021-07-01 15:40:49, 7019399, 7023144, 0.0821409, -0.2261, 42.02487, 29.57694, 100.7, 8.20, nan, nan
$2021-07-01 15:40:51, 7019068, 7022810, 0.0820869, -0.1587, 42.03861, 29.57694, 100.4, 8.20, nan, nan
$2021-07-01 15:40:53, 7018725, 7022492, 0.0820749, -0.0347, 42.04013, 29.59029, 100.7, 8.20, nan, nan
$2021-07-01 15:40:55, 7018392, 7022167, 0.0821349, 0.1748, 42.04319, 29.61967, 100.7, 8.20, nan, nan
$2021-07-01 15:40:57, 7018077, 7021838, 0.0822548, 0.3480, 41.98368, 29.59029, 100.7, 8.20, nan, nan
$2021-07-01 15:40:59, 7017752, 7021529, 0.0824287, 0.5076, 41.99741, 29.59029, 100.4, 8.20, nan, nan
$2021-07-01 15:41:01, 7017461, 7021217, 0.0826626, 0.6788, 42.01267, 29.59029, 100.4, 8.20, nan, nan
$2021-07-01 15:41:03, 7017073, 7020876, 0.0828244, 0.4704, 41.98520, 29.60365, 100.7, 8.20, nan, nan
$2021-07-01 15:41:05, 7016728, 7020553, 0.0827885, -0.1042, 41.97452, 29.60365, 100.4, 8.20, nan, nan
$2021-07-01 15:41:07, 7016433, 7020268, 0.0826865, -0.2970, 41.97605, 29.63302, 100.4, 8.20, nan, nan
$2021-07-01 15:41:09, 7016111, 7019925, 0.0826746, -0.0350, 41.93332, 29.61967, 100.7, 8.20, nan, nan
$2021-07-01 15:41:11, 7015773, 7019605, 0.0828664, 0.5601, 41.93332, 29.61967, 100.4, 8.20, nan, nan
$2021-07-01 15:41:13, 7015440, 7019272, 0.0830583, 0.5546, 41.91959, 29.63302, 100.7, 8.20, nan, nan
$2021-07-01 15:41:15, 7015122, 7018937, 0.0832442, 0.5428, 41.93485, 29.64637, 100.7, 8.20, nan, nan
$2021-07-01 15:41:17, 7014780, 7018633, 0.0834241, 0.5249, 41.91959, 29.63302, 100.4, 8.20, nan, nan
$2021-07-01 15:41:20, 7014433, 7018300, 0.0834901, 0.1934, 41.91959, 29.63302, 100.4, 8.20, nan, nan
$2021-07-01 15:41:22, 7014117, 7018002, 0.0834541, -0.1056, 41.97910, 29.64637, 100.4, 8.20, nan, nan
$2021-07-01 15:41:23, 7013798, 7017681, 0.0834061, -0.1405, 41.97910, 29.64637, 100.4, 8.20, nan, nan
$2021-07-01 15:41:25, 7013469, 7017380, 0.0834361, 0.0876, 41.97910, 29.64637, 100.4, 8.20, nan, nan
$2021-07-01 15:41:28, 7013138, 7017066, 0.0834241, -0.0352, 41.97605, 29.63302, 100.4, 8.20, nan, nan
$2021-07-01 15:41:30, 7012822, 7016746, 0.0834001, -0.0706, 41.93485, 29.64637, 100.4, 8.20, nan, nan
$2021-07-01 15:41:31, 7012497, 7016456, 0.0833941, -0.0174, 41.86618, 29.65972, 100.4, 8.20, nan, nan
$2021-07-01 15:41:33, 7012184, 7016140, 0.0834241, 0.0874, 41.83871, 29.65972, 100.4, 8.20, nan, nan
$2021-07-01 15:41:36, 7011855, 7015810, 0.0834901, 0.1922, 41.91196, 29.70245, 100.4, 8.20, nan, nan
$2021-07-01 15:41:38, 7011570, 7015519, 0.0836639, 0.5072, 41.90738, 29.64637, 100.4, 8.20, nan, nan
$2021-07-01 15:41:40, 7011234, 7015213, 0.0838438, 0.5250, 41.88296, 29.68910, 100.4, 8.20, nan, nan
$2021-07-01 15:41:42, 7010927, 7014915, 0.0838858, 0.1193, 41.82803, 29.67574, 100.4, 8.20, nan, nan
$2021-07-01 15:41:44, 7010599, 7014592, 0.0838618, -0.0701, 41.84176, 29.67574, 100.4, 8.20, nan, nan
$2021-07-01 15:41:46, 7010250, 7014262, 0.0838558, -0.0174, 41.84176, 29.67574, 100.4, 8.20, nan, nan
$2021-07-01 15:41:48, 7009974, 7013995, 0.0838918, 0.1051, 41.81430, 29.67574, 100.4, 8.20, nan, nan
$2021-07-01 15:41:50, 7009638, 7013679, 0.0838798, -0.0350, 41.84329, 29.70245, 100.4, 8.20, nan, nan
$2021-07-01 15:41:52, 7009323, 7013393, 0.0838378, -0.1229, 41.78836, 29.71581, 100.4, 8.20, nan, nan
$2021-07-01 15:41:54, 7009014, 7013097, 0.0837598, -0.2265, 41.81430, 29.68910, 100.4, 8.20, nan, nan
$2021-07-01 15:41:56, 7008710, 7012800, 0.0836639, -0.2807, 41.77310, 29.68910, 100.4, 8.20, nan, nan
$2021-07-01 15:41:58, 7008379, 7012436, 0.0837359, 0.2094, 41.70596, 29.71581, 100.4, 8.20, nan, nan
$2021-07-01 15:42:00, 7008072, 7012141, 0.0839817, 0.7232, 41.69222, 29.71581, 100.4, 8.20, nan, nan
$2021-07-01 15:42:02, 7007755, 7011845, 0.0842215, 0.6988, 41.77768, 29.73183, 100.4, 8.20, nan, nan
$2021-07-01 15:42:04, 7007408, 7011547, 0.0842456, 0.0700, 41.77768, 29.73183, 100.4, 8.20, nan, nan
$2021-07-01 15:42:06, 7007124, 7011246, 0.0841256, -0.3511, 41.80209, 29.71581, 100.4, 8.20, nan, nan
$2021-07-01 15:42:08, 7006820, 7010970, 0.0840657, -0.1753, 41.76089, 29.71581, 100.4, 8.20, nan, nan
$2021-07-01 15:42:10, 7006523, 7010665, 0.0841076, 0.1230, 41.80667, 29.74518, 100.4, 8.20, nan, nan
$2021-07-01 15:42:12, 7006227, 7010372, 0.0842096, 0.2985, 41.73648, 29.74518, 100.4, 8.20, nan, nan
$2021-07-01 15:42:14, 7005913, 7010038, 0.0844135, 0.5940, 41.70901, 29.73183, 100.4, 8.20, nan, nan
$2021-07-01 15:42:16, 7005585, 7009762, 0.0845634, 0.4360, 41.69528, 29.74518, 100.4, 8.20, nan, nan
$2021-07-01 15:42:18, 7005304, 7009440, 0.0846713, 0.3118, 41.66781, 29.75853, 100.4, 8.20, nan, nan
$2021-07-01 15:42:20, 7005006, 7009171, 0.0847792, 0.3137, 41.65102, 29.74518, 100.4, 8.20, nan, nan
$2021-07-01 15:42:22, 7004727, 7008883, 0.0849471, 0.4917, 41.68154, 29.74518, 100.4, 8.20, nan, nan
$2021-07-01 15:42:24, 7004400, 7008580, 0.0850551, 0.3146, 41.69680, 29.77188, 100.4, 8.20, nan, nan
$2021-07-01 15:42:26, 7004105, 7008308, 0.0850790, 0.0697, 41.69528, 29.74518, 100.4, 8.20, nan, nan
$2021-07-01 15:42:28, 7003804, 7008005, 0.0850670, -0.0351, 41.64034, 29.75853, 100.4, 8.20, nan, nan
$2021-07-01 15:42:30, 7003489, 7007671, 0.0851270, 0.1747, 41.72275, 29.75853, 100.4, 8.20, nan, nan
$2021-07-01 15:42:32, 7003156, 7007336, 0.0853848, 0.7522, 41.64187, 29.78790, 100.4, 8.20, nan, nan
$2021-07-01 15:42:34, 7002714, 7006718, 0.0860624, 1.9713, 41.72427, 29.78790, 100.4, 8.20, nan, nan
$2021-07-01 15:42:36, 7002285, 7006435, 0.0868718, 2.3559, 42.20493, 29.80125, 100.4, 8.20, nan, nan
$2021-07-01 15:42:38, 7002120, 7006302, 0.0871776, 0.8876, 42.69322, 29.78790, 100.4, 8.20, nan, nan
$2021-07-01 15:42:40, 7001894, 7006087, 0.0868179, -1.0483, 42.65202, 29.80125, 100.4, 8.20, nan, nan
$2021-07-01 15:42:42, 7001632, 7005827, 0.0865120, -0.8943, 42.46891, 29.78790, 100.4, 8.20, nan, nan
$2021-07-01 15:42:44, 7001377, 7005590, 0.0865120, 0.0000, 42.27664, 29.81461, 100.4, 8.20, nan, nan
$2021-07-01 15:42:46, 7001104, 7005322, 0.0865900, 0.2275, 42.06607, 29.81461, 100.4, 8.20, nan, nan
$2021-07-01 15:42:48, 7000801, 7005023, 0.0866860, 0.2798, 41.93943, 29.81461, 100.4, 8.20, nan, nan
$2021-07-01 15:42:50, 7000500, 7004757, 0.0867879, 0.2875, 41.83261, 29.84398, 100.4, 8.20, nan, nan
$2021-07-01 15:42:52, 7000201, 7004454, 0.0868119, 0.0706, 41.73190, 29.84398, 100.4, 8.20, nan, nan
$2021-07-01 15:42:54, 6999921, 7004200, 0.0867999, -0.0345, 41.72885, 29.81461, 100.4, 8.20, nan, nan
$2021-07-01 15:42:56, 6999659, 7003948, 0.0868239, 0.0704, 41.67239, 29.80125, 100.4, 8.20, nan, nan
$2021-07-01 15:42:58, 6999372, 7003695, 0.0867879, -0.1050, 41.57778, 29.82796, 100.4, 8.20, nan, nan
$2021-07-01 15:43:00, 6999080, 7003403, 0.0866919, -0.2799, 41.50759, 29.82796, 100.4, 8.20, nan, nan
$2021-07-01 15:43:02, 6998800, 7003142, 0.0866440, -0.1397, 41.48013, 29.84398, 100.4, 8.20, nan, nan
$2021-07-01 15:43:04, 6998512, 7002878, 0.0866020, -0.1224, 41.44045, 29.84398, 100.4, 8.20, nan, nan
$2021-07-01 15:43:06, 6998211, 7002559, 0.0866260, 0.0698, 41.39925, 29.85733, 100.4, 8.20, nan, nan
$2021-07-01 15:43:08, 6997918, 7002301, 0.0866979, 0.2097, 41.37026, 29.84398, 100.4, 8.20, nan, nan
$2021-07-01 15:43:10, 6997640, 7002037, 0.0867519, 0.1572, 41.37026, 29.85733, 100.4, 8.20, nan, nan
$2021-07-01 15:43:12, 6997375, 7001757, 0.0867699, 0.0521, 41.37026, 29.84398, 100.4, 8.20, nan, nan
$2021-07-01 15:43:14, 6997077, 7001474, 0.0868539, 0.2435, 41.32906, 29.85733, 100.4, 8.20, nan, nan
$2021-07-01 15:43:16, 6996788, 7001220, 0.0869378, 0.2461, 41.31533, 29.87068, 100.4, 8.20, nan, nan
$2021-07-01 15:43:18, 6996493, 7000910, 0.0869437, 0.0173, 41.30159, 29.85733, 100.4, 8.20, nan, nan
$2021-07-01 15:43:20, 6996202, 7000649, 0.0869437, 0.0000, 41.28786, 29.85733, 100.4, 8.20, nan, nan
$2021-07-01 15:43:22, 6995922, 7000355, 0.0870097, 0.1926, 41.31228, 29.85733, 100.4, 8.20, nan, nan
$2021-07-01 15:43:24, 6995640, 7000084, 0.0871117, 0.2965, 41.30617, 29.90005, 100.4, 8.20, nan, nan
$2021-07-01 15:43:26, 6995391, 6999833, 0.0872856, 0.5051, 41.23293, 29.88403, 100.4, 8.20, nan, nan
$2021-07-01 15:43:28, 6995111, 6999560, 0.0874894, 0.5937, 41.26497, 29.90005, 100.4, 8.20, nan, nan
$2021-07-01 15:43:30, 6994845, 6999305, 0.0876393, 0.4410, 41.20699, 29.90005, 100.4, 8.20, nan, nan
$2021-07-01 15:43:32, 6994548, 6998998, 0.0878012, 0.4720, 41.15053, 29.88403, 100.4, 8.20, nan, nan
$2021-07-01 15:43:34, 6994241, 6998711, 0.0879451, 0.4183, 41.15206, 29.90005, 100.4, 8.20, nan, nan
$2021-07-01 15:43:36, 6993980, 6998483, 0.0879811, 0.1052, 41.19173, 29.90005, 100.4, 8.20, nan, nan
$2021-07-01 15:43:38, 6993731, 6998203, 0.0879811, 0.0000, 41.19173, 29.90005, 100.4, 8.20, nan, nan
$2021-07-01 15:43:40, 6993429, 6997929, 0.0880471, 0.1913, 41.19326, 29.91341, 100.4, 8.20, nan, nan
$2021-07-01 15:43:42, 6993152, 6997675, 0.0881190, 0.2105, 41.21920, 29.88403, 100.4, 8.20, nan, nan
$2021-07-01 15:43:44, 6992877, 6997417, 0.0880590, -0.1758, 41.20699, 29.91341, 100.4, 8.20, nan, nan
$2021-07-01 15:43:46, 6992611, 6997154, 0.0879511, -0.3142, 41.12307, 29.90005, 100.4, 8.20, nan, nan
$2021-07-01 15:43:48, 6992312, 6996896, 0.0878672, -0.2450, 41.09712, 29.92676, 100.4, 8.20, nan, nan
$2021-07-01 15:43:50, 6992035, 6996627, 0.0877953, -0.2094, 41.12764, 29.92676, 100.4, 8.20, nan, nan
$2021-07-01 15:43:52, 6991793, 6996369, 0.0877173, -0.2275, 41.16579, 29.92676, 100.4, 8.20, nan, nan
$2021-07-01 15:43:54, 6991524, 6996129, 0.0877532, 0.1045, 41.12459, 29.91341, 100.4, 8.20, nan, nan
$2021-07-01 15:43:56, 6991238, 6995866, 0.0877652, 0.0350, 41.11085, 29.91341, 100.4, 8.20, nan, nan
$2021-07-01 15:43:58, 6990977, 6995625, 0.0876753, -0.2622, 41.03151, 29.94011, 100.4, 8.20, nan, nan
$2021-07-01 15:44:00, 6990752, 6995409, 0.0875614, -0.3280, 41.06966, 29.92676, 100.4, 8.20, nan, nan
$2021-07-01 15:44:02, 6990490, 6995144, 0.0875554, -0.0177, 41.01778, 29.95880, 100.4, 8.20, nan, nan
$2021-07-01 15:44:04, 6990240, 6994898, 0.0876453, 0.2526, 40.97353, 29.94011, 100.0, 8.20, nan, nan
$2021-07-01 15:44:06, 6989937, 6994602, 0.0877832, 0.4047, 40.93080, 29.94011, 100.4, 8.20, nan, nan
$2021-07-01 15:44:08, 6989672, 6994361, 0.0878552, 0.2099, 40.86366, 29.95880, 100.0, 8.20, nan, nan
$2021-07-01 15:44:10, 6989398, 6994085, 0.0878491, -0.0177, 40.90486, 29.95880, 100.4, 8.20, nan, nan
$2021-07-01 15:44:12, 6989123, 6993834, 0.0878432, -0.0174, 40.90333, 29.94011, 100.4, 8.20, nan, nan
$2021-07-01 15:44:14, 6988836, 6993540, 0.0878672, 0.0698, 40.82246, 29.97215, 100.4, 8.20, nan, nan
$2021-07-01 15:44:16, 6988569, 6993265, 0.0879691, 0.2985, 40.86214, 29.94011, 100.4, 8.20, nan, nan
$2021-07-01 15:44:18, 6988277, 6992998, 0.0881070, 0.4025, 40.86671, 29.98550, 100.4, 8.19, nan, nan
$2021-07-01 15:44:20, 6988014, 6992730, 0.0882029, 0.2802, 40.88960, 29.95880, 100.4, 8.20, nan, nan
$2021-07-01 15:44:22, 6987762, 6992458, 0.0883648, 0.4744, 40.92165, 29.98550, 100.4, 8.19, nan, nan
$2021-07-01 15:44:24, 6987492, 6992235, 0.0885147, 0.4403, 40.89113, 29.97215, 100.4, 8.19, nan, nan
$2021-07-01 15:44:26, 6987229, 6991982, 0.0885447, 0.0879, 40.92317, 30.01488, 100.4, 8.19, nan, nan
$2021-07-01 15:44:28, 6986976, 6991725, 0.0884907, -0.1507, 40.88197, 29.99886, 100.4, 8.19, nan, nan
$2021-07-01 15:44:31, 6986674, 6991448, 0.0884848, -0.0175, 40.84993, 29.97215, 100.4, 8.19, nan, nan
$2021-07-01 15:44:33, 6986449, 6991227, 0.0884967, 0.0349, 40.85451, 29.99886, 100.4, 8.20, nan, nan
$2021-07-01 15:44:35, 6986193, 6990976, 0.0884907, -0.0176, 40.82551, 29.98550, 100.4, 8.19, nan, nan
$2021-07-01 15:44:37, 6985931, 6990731, 0.0885267, 0.1048, 40.84077, 30.01488, 100.4, 8.19, nan, nan
$2021-07-01 15:44:39, 6985660, 6990484, 0.0885267, 0.0000, 40.82551, 29.99886, 100.4, 8.20, nan, nan
$2021-07-01 15:44:41, 6985445, 6990268, 0.0884848, -0.1233, 40.79805, 29.99886, 100.4, 8.19, nan, nan
$2021-07-01 15:44:43, 6985147, 6989984, 0.0884848, 0.0000, 40.76753, 29.99886, 100.4, 8.19, nan, nan
$2021-07-01 15:44:45, 6984884, 6989714, 0.0885507, 0.1939, 40.78432, 30.01488, 100.4, 8.19, nan, nan
$2021-07-01 15:44:47, 6984616, 6989465, 0.0886526, 0.2996, 40.85451, 30.01488, 100.4, 8.19, nan, nan
$2021-07-01 15:44:49, 6984359, 6989202, 0.0887486, 0.2784, 40.82551, 29.99886, 100.0, 8.19, nan, nan
$2021-07-01 15:44:51, 6984121, 6988970, 0.0888385, 0.2523, 40.84383, 30.02823, 100.4, 8.19, nan, nan
$2021-07-01 15:44:53, 6983826, 6988706, 0.0888745, 0.1049, 40.87129, 30.02823, 100.4, 8.19, nan, nan
$2021-07-01 15:44:55, 6983578, 6988478, 0.0888325, -0.1234, 40.78889, 30.04158, 100.4, 8.19, nan, nan
$2021-07-01 15:44:57, 6983321, 6988226, 0.0887366, -0.2782, 40.79957, 30.02823, 100.0, 8.19, nan, nan
$2021-07-01 15:44:59, 6983047, 6987946, 0.0887606, 0.0701, 40.77211, 30.02823, 100.4, 8.19, nan, nan
$2021-07-01 15:45:01, 6982810, 6987721, 0.0888805, 0.3513, 40.74922, 30.05493, 100.4, 8.19, nan, nan
$2021-07-01 15:45:03, 6982519, 6987455, 0.0889644, 0.2451, 40.75838, 30.04158, 100.4, 8.19, nan, nan
$2021-07-01 15:45:05, 6982261, 6987206, 0.0889404, -0.0703, 40.74922, 30.05493, 100.4, 8.19, nan, nan
$2021-07-01 15:45:07, 6982014, 6986969, 0.0888985, -0.1231, 40.72022, 30.05493, 100.4, 8.19, nan, nan
$2021-07-01 15:45:09, 6981742, 6986684, 0.0889524, 0.1581, 40.73396, 30.05493, 100.4, 8.19, nan, nan
$2021-07-01 15:45:11, 6981469, 6986410, 0.0891263, 0.5061, 40.71717, 30.04158, 100.4, 8.19, nan, nan
$2021-07-01 15:45:13, 6981226, 6986198, 0.0892822, 0.4561, 40.72175, 30.07095, 100.0, 8.19, nan, nan
$2021-07-01 15:45:15, 6980977, 6985945, 0.0893541, 0.2095, 40.73854, 30.08430, 100.4, 8.19, nan, nan
$2021-07-01 15:45:17, 6980723, 6985686, 0.0894141, 0.1750, 40.73549, 30.07095, 100.4, 8.19, nan, nan
$2021-07-01 15:45:19, 6980476, 6985451, 0.0895760, 0.4725, 40.74922, 30.07095, 100.4, 8.19, nan, nan
$2021-07-01 15:45:21, 6980245, 6985209, 0.0897499, 0.5048, 40.70802, 30.08430, 100.0, 8.19, nan, nan
$2021-07-01 15:45:23, 6979964, 6984914, 0.0899657, 0.6235, 40.66529, 30.07095, 100.4, 8.19, nan, nan
$2021-07-01 15:45:25, 6979692, 6984657, 0.0902175, 0.7235, 40.66682, 30.08430, 100.4, 8.19, nan, nan
$2021-07-01 15:45:27, 6979457, 6984390, 0.0904634, 0.7144, 40.63935, 30.09766, 100.4, 8.19, nan, nan
$2021-07-01 15:45:29, 6979190, 6984144, 0.0906792, 0.6302, 40.63783, 30.07095, 100.4, 8.19, nan, nan
$2021-07-01 15:45:31, 6978925, 6983875, 0.0908651, 0.5422, 40.65614, 30.11101, 100.0, 8.19, nan, nan
$2021-07-01 15:45:33, 6978680, 6983650, 0.0909730, 0.3181, 40.62562, 30.09766, 100.0, 8.19, nan, nan
$2021-07-01 15:45:35, 6978436, 6983427, 0.0909970, 0.0703, 40.66987, 30.11101, 100.0, 8.19, nan, nan
$2021-07-01 15:45:37, 6978192, 6983197, 0.0909490, -0.1409, 40.65156, 30.08430, 100.0, 8.19, nan, nan
$2021-07-01 15:45:39, 6977904, 6982920, 0.0908771, -0.2112, 40.66682, 30.09766, 100.0, 8.19, nan, nan
$2021-07-01 15:45:41, 6977677, 6982700, 0.0908591, -0.0504, 40.62562, 30.11101, 100.0, 8.19, nan, nan
$2021-07-01 15:45:43, 6977408, 6982424, 0.0909011, 0.1225, 40.63783, 30.08430, 100.4, 8.19, nan, nan
$2021-07-01 15:45:45, 6977142, 6982198, 0.0909730, 0.2123, 40.63935, 30.11101, 100.0, 8.19, nan, nan
$2021-07-01 15:45:47, 6976910, 6981954, 0.0909790, 0.0174, 40.61646, 30.12703, 100.0, 8.19, nan, nan
$2021-07-01 15:45:49, 6976651, 6981691, 0.0910509, 0.2083, 40.68513, 30.12703, 100.4, 8.19, nan, nan
$2021-07-01 15:45:51, 6976367, 6981413, 0.0912129, 0.4717, 40.68513, 30.12703, 100.4, 8.19, nan, nan
$2021-07-01 15:45:53, 6976129, 6981179, 0.0914047, 0.5597, 40.67140, 30.14038, 100.4, 8.19, nan, nan
$2021-07-01 15:45:55, 6975866, 6980948, 0.0914587, 0.1577, 40.74007, 30.11101, 100.0, 8.19, nan, nan
$2021-07-01 15:45:57, 6975626, 6980718, 0.0913987, -0.1756, 40.58747, 30.12703, 100.0, 8.19, nan, nan
$2021-07-01 15:45:59, 6975368, 6980458, 0.0913447, -0.1557, 40.61646, 30.14038, 100.0, 8.19, nan, nan
$2021-07-01 15:46:01, 6975172, 6980238, 0.0914467, 0.2998, 40.63020, 30.15373, 100.0, 8.19, nan, nan
$2021-07-01 15:46:03, 6974904, 6980003, 0.0916745, 0.6638, 40.63478, 30.18311, 100.0, 8.19, nan, nan
$2021-07-01 15:46:05, 6974651, 6979748, 0.0918424, 0.4824, 40.60578, 30.16708, 100.4, 8.19, nan, nan
$2021-07-01 15:46:07, 6974403, 6979482, 0.0919683, 0.3697, 40.57527, 30.15373, 100.4, 8.19, nan, nan
$2021-07-01 15:46:09, 6974129, 6979249, 0.0921002, 0.3859, 40.57527, 30.15373, 100.0, 8.19, nan, nan
$2021-07-01 15:46:11, 6973890, 6979005, 0.0921841, 0.2459, 40.62104, 30.16708, 100.0, 8.19, nan, nan
$2021-07-01 15:46:13, 6973629, 6978771, 0.0921602, -0.0705, 40.60578, 30.16708, 100.0, 8.19, nan, nan
$2021-07-01 15:46:15, 6973386, 6978538, 0.0921002, -0.1746, 40.60578, 30.15373, 100.0, 8.19, nan, nan
$2021-07-01 15:46:17, 6973132, 6978281, 0.0920882, -0.0352, 40.64393, 30.15373, 100.0, 8.19, nan, nan
$2021-07-01 15:46:19, 6972896, 6978056, 0.0921122, 0.0706, 40.63478, 30.18311, 100.0, 8.19, nan, nan
$2021-07-01 15:46:21, 6972677, 6977842, 0.0921962, 0.2449, 40.59205, 30.16708, 100.4, 8.19, nan, nan
$2021-07-01 15:46:23, 6972418, 6977607, 0.0922261, 0.0882, 40.63478, 30.18311, 100.0, 8.19, nan, nan
$2021-07-01 15:46:25, 6972162, 6977373, 0.0921782, -0.1405, 40.62104, 30.16708, 100.4, 8.19, nan, nan
$2021-07-01 15:46:27, 6971930, 6977143, 0.0921002, -0.2200, 40.60731, 30.18311, 100.0, 8.19, nan, nan
$2021-07-01 15:46:29, 6971660, 6976897, 0.0920223, -0.2286, 40.56916, 30.20981, 100.0, 8.19, nan, nan
$2021-07-01 15:46:31, 6971401, 6976623, 0.0920402, 0.0530, 40.56611, 30.19646, 100.0, 8.19, nan, nan
$2021-07-01 15:46:33, 6971163, 6976384, 0.0921841, 0.4212, 40.59358, 30.18311, 100.0, 8.19, nan, nan
$2021-07-01 15:46:35, 6970921, 6976138, 0.0923700, 0.5434, 40.56611, 30.19646, 100.0, 8.19, nan, nan
$2021-07-01 15:46:37, 6970725, 6975924, 0.0926278, 0.7554, 40.58442, 30.22583, 100.0, 8.19, nan, nan
$2021-07-01 15:46:39, 6970465, 6975688, 0.0928736, 0.7184, 40.61189, 30.22583, 100.0, 8.19, nan, nan
$2021-07-01 15:46:41, 6970227, 6975466, 0.0930296, 0.4412, 40.61036, 30.20981, 100.0, 8.19, nan, nan
$2021-07-01 15:46:43, 6969965, 6975202, 0.0930715, 0.1225, 40.59663, 30.19646, 100.0, 8.19, nan, nan
$2021-07-01 15:46:45, 6969706, 6974952, 0.0931315, 0.1746, 40.58290, 30.20981, 100.0, 8.19, nan, nan
$2021-07-01 15:46:47, 6969471, 6974717, 0.0932334, 0.2971, 40.57069, 30.22583, 100.0, 8.19, nan, nan
$2021-07-01 15:46:49, 6969261, 6974523, 0.0932993, 0.1927, 40.58290, 30.20981, 100.0, 8.19, nan, nan
$2021-07-01 15:46:51, 6968988, 6974283, 0.0932934, -0.0176, 40.52796, 30.23918, 100.0, 8.19, nan, nan
$2021-07-01 15:46:53, 6968759, 6974043, 0.0932274, -0.1925, 40.56916, 30.20981, 100.0, 8.19, nan, nan
$2021-07-01 15:46:55, 6968513, 6973821, 0.0931914, -0.1046, 40.57069, 30.22583, 100.0, 8.19, nan, nan
$2021-07-01 15:46:57, 6968280, 6973579, 0.0932334, 0.1237, 40.58442, 30.23918, 100.0, 8.19, nan, nan
$2021-07-01 15:46:59, 6968028, 6973316, 0.0933893, 0.4594, 40.52796, 30.23918, 100.0, 8.19, nan, nan
$2021-07-01 15:47:01, 6967813, 6973093, 0.0936291, 0.6835, 40.54322, 30.23918, 100.0, 8.19, nan, nan
$2021-07-01 15:47:03, 6967547, 6972819, 0.0939109, 0.8295, 40.57069, 30.22583, 100.0, 8.19, nan, nan
$2021-07-01 15:47:05, 6967310, 6972606, 0.0940848, 0.5074, 40.55696, 30.23918, 100.0, 8.19, nan, nan
$2021-07-01 15:47:07, 6967081, 6972393, 0.0940788, -0.0175, 40.54322, 30.23918, 100.0, 8.19, nan, nan
$2021-07-01 15:47:09, 6966831, 6972164, 0.0939829, -0.2820, 40.52949, 30.25253, 100.0, 8.19, nan, nan
$2021-07-01 15:47:11, 6966599, 6971900, 0.0939589, -0.0698, 40.52949, 30.25253, 100.4, 8.19, nan, nan
$2021-07-01 15:47:14, 6966390, 6971685, 0.0941567, 0.5795, 40.54322, 30.25253, 100.0, 8.19, nan, nan
$2021-07-01 15:47:16, 6966132, 6971469, 0.0943485, 0.5609, 40.51576, 30.25253, 100.0, 8.19, nan, nan
$2021-07-01 15:47:18, 6965894, 6971248, 0.0943726, 0.0704, 40.51881, 30.28191, 100.0, 8.19, nan, nan
$2021-07-01 15:47:20, 6965650, 6970987, 0.0943006, -0.2104, 40.53254, 30.26588, 100.0, 8.19, nan, nan
$2021-07-01 15:47:22, 6965432, 6970768, 0.0943726, 0.2089, 40.58900, 30.26588, 100.0, 8.19, nan, nan
$2021-07-01 15:47:24, 6965210, 6970536, 0.0946184, 0.7143, 40.56153, 30.28191, 100.0, 8.19, nan, nan
$2021-07-01 15:47:26, 6964951, 6970289, 0.0948582, 0.6830, 40.51881, 30.28191, 100.0, 8.19, nan, nan
$2021-07-01 15:47:28, 6964720, 6970073, 0.0949841, 0.3715, 40.50508, 30.28191, 100.0, 8.19, nan, nan
$2021-07-01 15:47:30, 6964495, 6969886, 0.0949661, -0.0529, 40.50660, 30.29526, 100.0, 8.19, nan, nan
$2021-07-01 15:47:32, 6964230, 6969640, 0.0947862, -0.5265, 40.57832, 30.29526, 100.0, 8.19, nan, nan
$2021-07-01 15:47:34, 6963987, 6969411, 0.0945944, -0.5645, 40.51881, 30.28191, 100.0, 8.19, nan, nan
$2021-07-01 15:47:36, 6963771, 6969202, 0.0944925, -0.2870, 40.53407, 30.29526, 100.0, 8.19, nan, nan
$2021-07-01 15:47:38, 6963533, 6968975, 0.0944865, -0.0186, 40.50660, 30.30861, 100.0, 8.19, nan, nan
$2021-07-01 15:47:40, 6963294, 6968734, 0.0945344, 0.1400, 40.55085, 30.30861, 100.0, 8.19, nan, nan
$2021-07-01 15:47:42, 6963068, 6968528, 0.0945524, 0.0530, 40.53254, 30.28191, 100.0, 8.19, nan, nan
$2021-07-01 15:47:44, 6962849, 6968301, 0.0945944, 0.1235, 40.49592, 30.30861, 100.0, 8.19, nan, nan
$2021-07-01 15:47:46, 6962597, 6968057, 0.0946843, 0.2641, 40.48219, 30.30861, 100.0, 8.19, nan, nan
$2021-07-01 15:47:48, 6962359, 6967837, 0.0947683, 0.2462, 40.49745, 30.32196, 100.0, 8.19, nan, nan
$2021-07-01 15:47:50, 6962143, 6967591, 0.0948882, 0.3531, 40.48219, 30.32196, 100.0, 8.19, nan, nan
$2021-07-01 15:47:52, 6961911, 6967351, 0.0951280, 0.7045, 40.50660, 30.30861, 100.0, 8.19, nan, nan
$2021-07-01 15:47:54, 6961679, 6967138, 0.0953918, 0.7722, 40.46845, 30.32196, 100.0, 8.19, nan, nan
$2021-07-01 15:47:56, 6961425, 6966925, 0.0954698, 0.2282, 40.48219, 30.32196, 100.0, 8.19, nan, nan
$2021-07-01 15:47:58, 6961215, 6966720, 0.0953378, -0.3892, 40.50050, 30.35133, 100.0, 8.19, nan, nan
$2021-07-01 15:48:00, 6960973, 6966494, 0.0952179, -0.3524, 40.51118, 30.33798, 100.0, 8.19, nan, nan
$2021-07-01 15:48:02, 6960773, 6966271, 0.0952419, 0.0701, 40.46845, 30.32196, 100.0, 8.19, nan, nan
$2021-07-01 15:48:04, 6960550, 6966076, 0.0953798, 0.3839, 40.44251, 30.35133, 100.0, 8.19, nan, nan
$2021-07-01 15:48:06, 6960302, 6965853, 0.0954457, 0.1872, 40.43794, 30.30861, 100.0, 8.19, nan, nan
$2021-07-01 15:48:08, 6960070, 6965615, 0.0953798, -0.1853, 40.41047, 30.30861, 100.0, 8.19, nan, nan
$2021-07-01 15:48:10, 6959835, 6965420, 0.0952779, -0.2846, 40.38606, 30.35133, 100.0, 8.19, nan, nan
$2021-07-01 15:48:12, 6959580, 6965191, 0.0951160, -0.5013, 40.41505, 30.35133, 100.0, 8.19, nan, nan
$2021-07-01 15:48:14, 6959356, 6964957, 0.0949721, -0.4235, 40.41505, 30.35133, 100.0, 8.19, nan, nan
$2021-07-01 15:48:16, 6959153, 6964746, 0.0950021, 0.0885, 40.42878, 30.35133, 100.0, 8.19, nan, nan
$2021-07-01 15:48:18, 6958914, 6964533, 0.0951460, 0.4235, 40.44251, 30.35133, 100.0, 8.19, nan, nan
$2021-07-01 15:48:20, 6958710, 6964311, 0.0952779, 0.3858, 40.41505, 30.36469, 100.0, 8.19, nan, nan
$2021-07-01 15:48:22, 6958476, 6964088, 0.0953798, 0.3003, 40.41505, 30.36469, 100.0, 8.19, nan, nan
$2021-07-01 15:48:24, 6958257, 6963855, 0.0955297, 0.4399, 40.41505, 30.36469, 100.0, 8.19, nan, nan
$2021-07-01 15:48:26, 6958054, 6963658, 0.0957276, 0.5633, 40.39063, 30.37804, 100.0, 8.19, nan, nan
$2021-07-01 15:48:28, 6957829, 6963427, 0.0959014, 0.5111, 40.34638, 30.36469, 100.0, 8.19, nan, nan
$2021-07-01 15:48:30, 6957613, 6963236, 0.0960453, 0.4234, 40.35096, 30.39407, 100.0, 8.19, nan, nan
$2021-07-01 15:48:32, 6957371, 6963039, 0.0959973, -0.1416, 40.31739, 30.35133, 100.0, 8.19, nan, nan
$2021-07-01 15:48:34, 6957122, 6962802, 0.0957455, -0.7361, 40.38758, 30.36469, 100.0, 8.19, nan, nan
$2021-07-01 15:48:36, 6956913, 6962569, 0.0955896, -0.4565, 40.40437, 30.39407, 100.0, 8.19, nan, nan
$2021-07-01 15:48:38, 6956681, 6962341, 0.0956856, 0.2812, 40.34944, 30.37804, 100.0, 8.19, nan, nan
$2021-07-01 15:48:40, 6956448, 6962132, 0.0958415, 0.4558, 40.33570, 30.39407, 100.0, 8.19, nan, nan
$2021-07-01 15:48:42, 6956263, 6961943, 0.0959014, 0.1770, 40.32197, 30.39407, 100.0, 8.19, nan, nan
$2021-07-01 15:48:44, 6956030, 6961709, 0.0959553, 0.1524, 40.29145, 30.37804, 100.0, 8.19, nan, nan
$2021-07-01 15:48:46, 6955800, 6961516, 0.0960034, 0.1353, 40.32197, 30.39407, 100.0, 8.19, nan, nan
$2021-07-01 15:48:48, 6955576, 6961285, 0.0959734, -0.0877, 40.29450, 30.39407, 100.0, 8.19, nan, nan
$2021-07-01 15:48:50, 6955359, 6961061, 0.0959734, 0.0000, 40.28229, 30.42077, 100.0, 8.19, nan, nan
$2021-07-01 15:48:52, 6955151, 6960838, 0.0961592, 0.5482, 40.25330, 30.42077, 100.0, 8.19, nan, nan
$2021-07-01 15:48:54, 6954922, 6960626, 0.0963990, 0.6995, 40.25025, 30.39407, 100.0, 8.19, nan, nan
$2021-07-01 15:48:56, 6954675, 6960391, 0.0965429, 0.4235, 40.30976, 30.42077, 100.0, 8.19, nan, nan
$2021-07-01 15:48:58, 6954453, 6960167, 0.0965789, 0.1062, 40.25330, 30.40742, 100.0, 8.19, nan, nan
$2021-07-01 15:49:00, 6954250, 6959963, 0.0966089, 0.0878, 40.26856, 30.43412, 100.0, 8.19, nan, nan
$2021-07-01 15:49:02, 6954041, 6959728, 0.0968007, 0.5600, 40.24109, 30.43412, 100.0, 8.19, nan, nan
$2021-07-01 15:49:04, 6953838, 6959543, 0.0970645, 0.7707, 40.22583, 30.40742, 100.0, 8.19, nan, nan
$2021-07-01 15:49:06, 6953615, 6959327, 0.0972324, 0.4923, 40.21363, 30.42077, 100.0, 8.19, nan, nan
$2021-07-01 15:49:08, 6953362, 6959113, 0.0972444, 0.0349, 40.19837, 30.42077, 100.0, 8.19, nan, nan
$2021-07-01 15:49:10, 6953162, 6958905, 0.0971485, -0.2822, 40.21363, 30.42077, 99.7, 8.19, nan, nan
$2021-07-01 15:49:12, 6952936, 6958674, 0.0971425, -0.0177, 40.19989, 30.43412, 100.0, 8.19, nan, nan
$2021-07-01 15:49:14, 6952709, 6958498, 0.0971544, 0.0352, 40.18616, 30.45014, 100.0, 8.19, nan, nan
$2021-07-01 15:49:16, 6952478, 6958263, 0.0970885, -0.1932, 40.15870, 30.45014, 100.0, 8.19, nan, nan
$2021-07-01 15:49:18, 6952280, 6958054, 0.0970525, -0.1011, 40.18616, 30.43412, 100.0, 8.19, nan, nan
$2021-07-01 15:49:20, 6952047, 6957817, 0.0971904, 0.4048, 40.18616, 30.45014, 100.0, 8.19, nan, nan
$2021-07-01 15:49:22, 6951825, 6957623, 0.0973583, 0.4945, 40.07629, 30.45014, 100.0, 8.19, nan, nan
$2021-07-01 15:49:24, 6951621, 6957414, 0.0974183, 0.1751, 40.14496, 30.45014, 100.0, 8.19, nan, nan
$2021-07-01 15:49:26, 6951383, 6957174, 0.0974662, 0.1403, 40.13123, 30.45014, 100.0, 8.19, nan, nan
$2021-07-01 15:49:28, 6951173, 6956977, 0.0975441, 0.2290, 40.06256, 30.46349, 100.0, 8.19, nan, nan
$2021-07-01 15:49:30, 6950949, 6956781, 0.0975621, 0.0529, 40.06104, 30.43412, 100.4, 8.19, nan, nan
$2021-07-01 15:49:32, 6950738, 6956591, 0.0974423, -0.3516, 40.09003, 30.45014, 100.0, 8.19, nan, nan
$2021-07-01 15:49:34, 6950520, 6956358, 0.0973523, -0.2639, 40.07935, 30.47684, 99.7, 8.19, nan, nan
$2021-07-01 15:49:36, 6950295, 6956167, 0.0973163, -0.1060, 40.02136, 30.47684, 100.0, 8.19, nan, nan
$2021-07-01 15:49:38, 6950108, 6955946, 0.0974302, 0.3351, 39.99390, 30.47684, 100.0, 8.19, nan, nan
$2021-07-01 15:49:40, 6949862, 6955713, 0.0975981, 0.4913, 40.04883, 30.46349, 100.0, 8.19, nan, nan
$2021-07-01 15:49:42, 6949659, 6955492, 0.0978020, 0.6017, 40.03510, 30.47684, 100.0, 8.19, nan, nan
$2021-07-01 15:49:44, 6949459, 6955317, 0.0979818, 0.5291, 40.02136, 30.47684, 100.0, 8.19, nan, nan
$2021-07-01 15:49:46, 6949246, 6955112, 0.0980538, 0.2025, 40.04883, 30.47684, 99.7, 8.19, nan, nan
$2021-07-01 15:49:48, 6949018, 6954898, 0.0980358, -0.0555, 40.03510, 30.46349, 100.0, 8.19, nan, nan
$2021-07-01 15:49:50, 6948791, 6954677, 0.0979998, -0.1054, 40.03967, 30.50889, 100.0, 8.19, nan, nan
$2021-07-01 15:49:52, 6948598, 6954481, 0.0980118, 0.0351, 39.99390, 30.47684, 100.0, 8.19, nan, nan
$2021-07-01 15:49:54, 6948378, 6954259, 0.0980898, 0.2288, 40.02136, 30.47684, 100.0, 8.19, nan, nan
$2021-07-01 15:49:56, 6948150, 6954049, 0.0981857, 0.2806, 39.99695, 30.50889, 100.0, 8.19, nan, nan
$2021-07-01 15:49:58, 6947946, 6953860, 0.0982276, 0.1229, 40.01068, 30.50889, 100.0, 8.19, nan, nan
$2021-07-01 15:50:00, 6947732, 6953663, 0.0981796, -0.1403, 39.99695, 30.50889, 100.0, 8.19, nan, nan
$2021-07-01 15:50:02, 6947558, 6953484, 0.0981377, -0.1181, 39.95728, 30.52224, 100.0, 8.19, nan, nan
$2021-07-01 15:50:05, 6947345, 6953246, 0.0982516, 0.3347, 39.92828, 30.50889, 100.0, 8.19, nan, nan
$2021-07-01 15:50:07, 6947112, 6953019, 0.0985034, 0.7331, 39.93896, 30.49020, 100.0, 8.19, nan, nan
$2021-07-01 15:50:09, 6946888, 6952812, 0.0987372, 0.6880, 39.94354, 30.52224, 100.0, 8.19, nan, nan
$2021-07-01 15:50:11, 6946673, 6952554, 0.0988991, 0.4762, 39.91455, 30.50889, 100.0, 8.19, nan, nan
$2021-07-01 15:50:13, 6946410, 6952293, 0.0991629, 0.7648, 39.95728, 30.52224, 100.0, 8.19, nan, nan
$2021-07-01 15:50:15, 6946163, 6952085, 0.0993967, 0.6851, 40.18158, 30.53559, 100.4, 8.19, nan, nan
$2021-07-01 15:50:17, 6945948, 6951883, 0.0993847, -0.0351, 40.33265, 30.50889, 100.0, 8.19, nan, nan
$2021-07-01 15:50:19, 6945724, 6951670, 0.0992228, -0.4554, 40.49134, 30.53559, 100.0, 8.19, nan, nan
$2021-07-01 15:50:21, 6945509, 6951436, 0.0992048, -0.0506, 40.53254, 30.54894, 100.0, 8.19, nan, nan
$2021-07-01 15:50:23, 6945255, 6951201, 0.0993428, 0.4035, 40.56153, 30.54894, 100.4, 8.19, nan, nan
$2021-07-01 15:50:25, 6945094, 6951090, 0.0993787, 0.1040, 40.66072, 30.53559, 100.0, 8.19, nan, nan
$2021-07-01 15:50:27, 6944869, 6950889, 0.0991749, -0.5988, 40.60121, 30.52224, 100.4, 8.19, nan, nan
$2021-07-01 15:50:29, 6944674, 6950692, 0.0988871, -0.8408, 40.54627, 30.53559, 100.0, 8.19, nan, nan
$2021-07-01 15:50:31, 6944496, 6950536, 0.0987672, -0.3521, 40.45014, 30.54894, 100.4, 8.19, nan, nan
$2021-07-01 15:50:33, 6944291, 6950298, 0.0988392, 0.2122, 40.39216, 30.54894, 100.0, 8.19, nan, nan
$2021-07-01 15:50:35, 6944091, 6950078, 0.0991029, 0.7721, 40.36317, 30.52224, 100.0, 8.19, nan, nan
$2021-07-01 15:50:37, 6943894, 6949870, 0.0994927, 1.1399, 40.38301, 30.56496, 100.0, 8.19, nan, nan
$2021-07-01 15:50:39, 6943706, 6949699, 0.0997984, 0.8922, 40.41963, 30.53559, 100.4, 8.19, nan, nan
$2021-07-01 15:50:41, 6943503, 6949489, 0.0999423, 0.4203, 40.36775, 30.54894, 100.0, 8.19, nan, nan
$2021-07-01 15:50:43, 6943291, 6949289, 0.1000142, 0.2053, 40.35096, 30.54894, 100.0, 8.19, nan, nan
$2021-07-01 15:50:45, 6943041, 6949049, 0.1000502, 0.1056, 40.36775, 30.54894, 100.0, 8.19, nan, nan
$2021-07-01 15:50:47, 6942844, 6948860, 0.1000562, 0.0171, 40.35401, 30.56496, 100.0, 8.19, nan, nan
$2021-07-01 15:50:49, 6942569, 6948668, 0.0999063, -0.4372, 40.35401, 30.56496, 100.0, 8.19, nan, nan
$2021-07-01 15:50:51, 6942454, 6948484, 0.0997084, -0.5760, 40.32197, 30.53559, 100.4, 8.19, nan, nan
$2021-07-01 15:50:53, 6942263, 6948307, 0.0997084, 0.0000, 40.32654, 30.56496, 100.0, 8.19, nan, nan
$2021-07-01 15:50:55, 6941947, 6947776, 0.1003859, 1.8993, 40.25483, 30.56496, 100.0, 8.19, nan, nan
$2021-07-01 15:50:57, 6941429, 6947428, 0.1013212, 2.7292, 40.44099, 30.59167, 100.0, 8.19, nan, nan
$2021-07-01 15:50:59, 6941389, 6947433, 0.1015550, 0.6882, 41.35195, 30.57832, 100.0, 8.19, nan, nan
$2021-07-01 15:51:01, 6940835, 6946512, 0.1018487, 0.8630, 41.39468, 30.59167, 100.0, 8.19, nan, nan
$2021-07-01 15:51:03, 6940601, 6946661, 0.1024243, 1.6911, 41.84634, 30.60502, 100.0, 8.19, nan, nan
$2021-07-01 15:51:05, 6940578, 6946480, 0.1027180, 0.8621, 42.22629, 30.60502, 100.0, 8.19, nan, nan
$2021-07-01 15:51:07, 6940243, 6945945, 0.1029458, 0.6670, 41.93027, 30.60502, 100.0, 8.19, nan, nan
$2021-07-01 15:51:09, 6939848, 6945860, 0.1034494, 1.4846, 42.01572, 30.62104, 100.0, 8.19, nan, nan
$2021-07-01 15:51:11, 6939938, 6945803, 0.1037072, 0.7541, 42.61539, 30.57832, 100.0, 8.19, nan, nan
$2021-07-01 15:51:13, 6939565, 6945295, 0.1037552, 0.1406, 42.09507, 30.59167, 100.0, 8.19, nan, nan
$2021-07-01 15:51:15, 6939292, 6945106, 0.1044745, 2.1048, 42.18204, 30.60502, 100.0, 8.19, nan, nan
$2021-07-01 15:51:17, 6939219, 6945018, 0.1051999, 2.1406, 42.30564, 30.57832, 100.0, 8.19, nan, nan
$2021-07-01 15:51:19, 6938815, 6944444, 0.1055956, 1.1621, 42.10880, 30.57832, 100.0, 8.19, nan, nan
$2021-07-01 15:51:21, 6938749, 6945524, 0.1040189, -4.4918, 42.63371, 30.62104, 100.4, 8.19, nan, nan
$2021-07-01 15:51:23, 6938799, 6947133, 0.0958894, -22.8952, 42.87175, 30.62104, 100.4, 8.19, nan, nan
$2021-07-01 15:51:25, 6938831, 6947039, 0.0829204, -37.9497, 42.42008, 30.60502, 100.0, 8.19, nan, nan
$2021-07-01 15:51:27, 6938681, 6946839, 0.0734639, -27.5877, 41.48470, 30.63439, 100.0, 8.19, nan, nan
$2021-07-01 15:51:29, 6938482, 6946621, 0.0712150, -6.4288, 40.83467, 30.60502, 100.0, 8.19, nan, nan
$2021-07-01 15:51:35, 6937643, 6943689, 0.0849891, 25.2450, 40.85298, 30.63439, 100.0, 8.19, nan, nan
$2021-07-01 15:51:40, 6937231, 6943247, 0.1014290, 18.5349, 41.13222, 30.63439, 100.0, 8.19, nan, nan
$2021-07-01 15:51:42, 6937012, 6943279, 0.1027360, 3.8265, 40.68360, 30.64774, 100.0, 8.19, nan, nan
$2021-07-01 15:51:44, 6936644, 6942956, 0.1016689, -3.1508, 40.55696, 30.63439, 100.0, 8.19, nan, nan
$2021-07-01 15:51:46, 6936466, 6942909, 0.1000862, -4.6488, 40.80720, 30.60502, 100.0, 8.19, nan, nan
$2021-07-01 15:51:48, 6936241, 6942310, 0.0996006, -1.4277, 40.93690, 30.63439, 100.0, 8.19, nan, nan
$2021-07-01 15:51:50, 6936069, 6942221, 0.1006796, 3.1678, 41.02388, 30.66109, 100.0, 8.19, nan, nan
$2021-07-01 15:51:52, 6935936, 6942013, 0.1021605, 4.3592, 41.03609, 30.64774, 100.0, 8.19, nan, nan
$2021-07-01 15:51:54, 6935640, 6941512, 0.1035333, 4.0474, 40.69886, 30.66109, 100.0, 8.19, nan, nan
$2021-07-01 15:51:56, 6935548, 6941269, 0.1052598, 5.0835, 40.53254, 30.64774, 100.0, 8.19, nan, nan
$2021-07-01 15:51:58, 6935417, 6941064, 0.1075259, 6.6305, 40.40437, 30.64774, 100.0, 8.19, nan, nan
$2021-07-01 15:52:00, 6935182, 6940746, 0.1094322, 5.3332, 40.32349, 30.67712, 100.0, 8.19, nan, nan
$2021-07-01 15:52:03, 6934927, 6940458, 0.1107451, 3.8479, 40.36775, 30.67712, 100.0, 8.19, nan, nan
$2021-07-01 15:52:05, 6934692, 6940214, 0.1116802, 2.7269, 40.52339, 30.70382, 100.0, 8.19, nan, nan
$2021-07-01 15:52:07, 6934410, 6939855, 0.1123816, 2.0005, 40.64393, 30.66109, 100.0, 8.19, nan, nan
$2021-07-01 15:52:09, 6934137, 6939524, 0.1131428, 2.2285, 40.99946, 30.70382, 100.4, 8.19, nan, nan
